0.000000, 0.000000, 0.000000
0.273300, 0.363600, 0.363100
0.219100, 0.385100, 0.395800
0.174800, 0.394800, 0.430400
0.143000, 0.391200, 0.465800
0.118000, 0.382300, 0.499700
0.102800, 0.364500, 0.532700
0.091600, 0.344400, 0.564000
0.080800, 0.325000, 0.594200
0.074300, 0.307100, 0.618600
0.071200, 0.286900, 0.641900
0.069300, 0.267300, 0.663400
0.070400, 0.247900, 0.681700
0.072800, 0.226800, 0.700400
0.073500, 0.210400, 0.716100
0.076300, 0.196000, 0.727700
0.077200, 0.182800, 0.740000
0.079300, 0.169500, 0.751200
0.083900, 0.155600, 0.760500
0.087200, 0.144700, 0.768100
0.089000, 0.136200, 0.774800
0.092400, 0.128500, 0.779100
0.096200, 0.119200, 0.784600
0.099600, 0.112400, 0.788000
0.103000, 0.103600, 0.793400
0.108500, 0.097200, 0.794300
0.114000, 0.092800, 0.793200
0.118700, 0.085800, 0.795500
0.123100, 0.081600, 0.795300
0.127400, 0.075200, 0.797400
0.131200, 0.072700, 0.796100
0.135800, 0.067400, 0.796800
0.143200, 0.061700, 0.795100
0.147100, 0.058400, 0.794500
0.152300, 0.054700, 0.793000
0.158600, 0.051300, 0.790100
0.164700, 0.049400, 0.785900
0.169400, 0.045400, 0.785200
0.174400, 0.042800, 0.782800
0.181300, 0.040200, 0.778500
0.186100, 0.038400, 0.775500
0.190400, 0.036600, 0.773000
0.198300, 0.034500, 0.767200
0.203700, 0.033400, 0.762900
0.210700, 0.030200, 0.759100
0.216000, 0.029200, 0.754800
0.222600, 0.026200, 0.751200
0.228600, 0.024800, 0.746600
0.235700, 0.023800, 0.740500
0.241700, 0.023600, 0.734700
0.246700, 0.021500, 0.731800
0.254400, 0.020100, 0.725500
0.260500, 0.019100, 0.720400
0.267200, 0.018300, 0.714500
0.274400, 0.018000, 0.707600
0.280700, 0.017000, 0.702300
0.286700, 0.016700, 0.696600
0.292800, 0.015700, 0.691500
0.299500, 0.014900, 0.685600
0.306900, 0.014500, 0.678600
0.313600, 0.013800, 0.672600
0.319400, 0.013500, 0.667100
0.324900, 0.012900, 0.662200
0.330500, 0.012200, 0.657300
0.336100, 0.011300, 0.652600
0.342000, 0.010500, 0.647500
0.348000, 0.010500, 0.641500
0.354300, 0.010200, 0.635500
0.361500, 0.009400, 0.629100
0.367500, 0.009200, 0.623300
0.372800, 0.009700, 0.617500
0.378300, 0.009800, 0.611900
0.382500, 0.009400, 0.608100
0.387500, 0.008400, 0.604100
0.392600, 0.007900, 0.599500
0.399400, 0.007700, 0.592900
0.403800, 0.006600, 0.589600
0.410200, 0.007300, 0.582500
0.416400, 0.007000, 0.576600
0.420100, 0.006400, 0.573500
0.425500, 0.006100, 0.568400
0.431200, 0.005700, 0.563100
0.436800, 0.005300, 0.557900
0.442800, 0.004600, 0.552600
0.447200, 0.003800, 0.549000
0.453000, 0.003300, 0.543700
0.457100, 0.003000, 0.539900
0.461400, 0.002900, 0.535700
0.466600, 0.003000, 0.530400
0.471800, 0.002800, 0.525400
0.477400, 0.002900, 0.519700
0.481700, 0.002700, 0.515600
0.488000, 0.002600, 0.509400
0.493100, 0.002500, 0.504400
0.498900, 0.002400, 0.498700
0.503700, 0.002400, 0.493900
0.507400, 0.002400, 0.490200
0.511500, 0.002400, 0.486100
0.515900, 0.002500, 0.481600
0.520100, 0.002900, 0.477000
0.525000, 0.002600, 0.472400
0.528600, 0.002800, 0.468600
0.531600, 0.002600, 0.465800
0.535000, 0.002700, 0.462300
0.539100, 0.002900, 0.458000
0.542300, 0.003400, 0.454300
0.546000, 0.003400, 0.450600
0.550700, 0.003300, 0.446000
0.555000, 0.002900, 0.442100
0.560400, 0.003000, 0.436600
0.564700, 0.002900, 0.432400
0.569300, 0.002600, 0.428100
0.573000, 0.002700, 0.424300
0.577500, 0.002800, 0.419700
0.581400, 0.002800, 0.415800
0.584300, 0.003300, 0.412400
0.588200, 0.003300, 0.408500
0.591700, 0.003300, 0.405000
0.595800, 0.002900, 0.401300
0.600200, 0.002700, 0.397100
0.603000, 0.003200, 0.393800
0.605800, 0.003600, 0.390600
0.609300, 0.003300, 0.387400
0.612300, 0.003100, 0.384600
0.615900, 0.003100, 0.381000
0.620100, 0.002900, 0.377000
0.624900, 0.002500, 0.372600
0.628200, 0.002500, 0.369300
0.632600, 0.002800, 0.364600
0.636400, 0.002700, 0.360900
0.639900, 0.002800, 0.357300
0.643100, 0.002900, 0.354000
0.647900, 0.002900, 0.349200
0.651500, 0.002800, 0.345700
0.654600, 0.002900, 0.342500
0.656600, 0.003400, 0.340000
0.659800, 0.003300, 0.336900
0.662900, 0.003100, 0.334000
0.666100, 0.003100, 0.330800
0.668000, 0.003600, 0.328400
0.671300, 0.003400, 0.325300
0.674000, 0.003300, 0.322700
0.676400, 0.003100, 0.320500
0.678400, 0.003200, 0.318400
0.681400, 0.003200, 0.315400
0.683300, 0.003400, 0.313300
0.686000, 0.003800, 0.310200
0.688800, 0.003800, 0.307400
0.691000, 0.003800, 0.305200
0.694900, 0.004000, 0.301100
0.696800, 0.004100, 0.299100
0.700300, 0.003800, 0.295900
0.702400, 0.003700, 0.293900
0.704800, 0.003800, 0.291400
0.706900, 0.003800, 0.289300
0.709600, 0.003500, 0.286900
0.711300, 0.003800, 0.284900
0.714100, 0.004000, 0.281900
0.716300, 0.003600, 0.280100
0.718200, 0.003900, 0.277900
0.720300, 0.004300, 0.275400
0.722500, 0.004300, 0.273200
0.724700, 0.004300, 0.271000
0.727000, 0.004500, 0.268500
0.728900, 0.004400, 0.266700
0.731300, 0.005000, 0.263700
0.732200, 0.005200, 0.262600
0.734300, 0.005400, 0.260300
0.735800, 0.005500, 0.258700
0.738100, 0.005700, 0.256200
0.738600, 0.006100, 0.255300
0.739900, 0.006400, 0.253700
0.741900, 0.006800, 0.251300
0.743100, 0.006800, 0.250100
0.745700, 0.006400, 0.247900
0.746500, 0.007100, 0.246400
0.748900, 0.006600, 0.244500
0.751400, 0.006500, 0.242100
0.754600, 0.006500, 0.238900
0.756100, 0.006500, 0.237400
0.757800, 0.006400, 0.235800
0.758900, 0.006500, 0.234600
0.760500, 0.006100, 0.233400
0.762300, 0.006300, 0.231400
0.763400, 0.006800, 0.229800
0.765200, 0.007000, 0.227800
0.766100, 0.007400, 0.226500
0.768500, 0.007500, 0.224000
0.770200, 0.007400, 0.222400
0.771900, 0.007500, 0.220600
0.774000, 0.007200, 0.218800
0.775700, 0.007400, 0.216900
0.775800, 0.008300, 0.215900
0.776600, 0.008500, 0.214900
0.777900, 0.008700, 0.213400
0.778500, 0.009700, 0.211800
0.778500, 0.010600, 0.210900
0.778800, 0.011400, 0.209800
0.778600, 0.012500, 0.208900
0.778300, 0.012900, 0.208800
0.777400, 0.014200, 0.208400
0.777000, 0.015200, 0.207800
0.777500, 0.015200, 0.207300
0.777500, 0.016100, 0.206400
0.777800, 0.016200, 0.206000
0.777500, 0.017000, 0.205500
0.777600, 0.017900, 0.204500
0.777600, 0.018100, 0.204300
0.777600, 0.017600, 0.204800
0.778500, 0.017100, 0.204400
0.778400, 0.018400, 0.203200
0.778500, 0.019000, 0.202500
0.777800, 0.018900, 0.203300
0.777300, 0.020200, 0.202500
0.778200, 0.019100, 0.202700
0.778300, 0.019800, 0.201900
0.777300, 0.020700, 0.202000
0.776200, 0.022300, 0.201500
0.775600, 0.022100, 0.202300
0.775400, 0.022300, 0.202300
0.773500, 0.024200, 0.202300
0.770900, 0.025700, 0.203400
0.767800, 0.028700, 0.203500
0.764800, 0.029700, 0.205500
0.763900, 0.029100, 0.207000
0.760700, 0.032300, 0.207000
0.760100, 0.032600, 0.207300
0.756600, 0.035200, 0.208200
0.755400, 0.034800, 0.209800
0.751600, 0.035900, 0.212500
0.749400, 0.036800, 0.213800
0.745400, 0.039000, 0.215600
0.742400, 0.040400, 0.217200
0.740200, 0.039700, 0.220100
0.737900, 0.039800, 0.222300
0.734900, 0.040400, 0.224700
0.730500, 0.041200, 0.228300
0.727700, 0.041000, 0.231300
0.724500, 0.042600, 0.232900
0.722100, 0.044100, 0.233800
0.720100, 0.044800, 0.235100
0.715800, 0.046000, 0.238200
0.709900, 0.050600, 0.239500
0.706500, 0.050800, 0.242700
0.701800, 0.051100, 0.247100
0.698300, 0.053300, 0.248400
0.695800, 0.053100, 0.251100
0.691400, 0.054500, 0.254100
0.688200, 0.053800, 0.258000
0.684500, 0.054600, 0.260900
0.680400, 0.054600, 0.265000
0.676700, 0.055700, 0.267600
0.673200, 0.056700, 0.270100
0.669800, 0.056700, 0.273500
0.663500, 0.060100, 0.276400
0.657200, 0.061400, 0.281400
0.651000, 0.064400, 0.284600
0.645500, 0.067100, 0.287400
0.641100, 0.068700, 0.290200
0.634400, 0.071800, 0.293800
0.626900, 0.075100, 0.298000
0.616600, 0.080900, 0.302500
0.609800, 0.082400, 0.307800
0.599700, 0.086400, 0.313900
0.591600, 0.089300, 0.319100
0.584500, 0.090400, 0.325100
0.577300, 0.092300, 0.330400
0.571100, 0.092600, 0.336300
0.564300, 0.095000, 0.340700
0.555700, 0.098700, 0.345600
0.547200, 0.101300, 0.351500
0.539100, 0.103500, 0.357400
0.530900, 0.105800, 0.363300
0.520400, 0.109200, 0.370400
0.508500, 0.113000, 0.378500
0.498700, 0.115900, 0.385400
0.490700, 0.117100, 0.392200
0.480900, 0.118700, 0.400400
0.472400, 0.118000, 0.409600
0.462800, 0.118300, 0.418900
0.455300, 0.119100, 0.425600
0.445500, 0.121000, 0.433500
0.438200, 0.120000, 0.441800
0.428900, 0.122500, 0.448600
0.421400, 0.120800, 0.457800
0.411800, 0.122900, 0.465300
0.405300, 0.122600, 0.472100
0.395700, 0.126100, 0.478200
0.388200, 0.126500, 0.485300
0.379300, 0.127800, 0.492900
0.372700, 0.125800, 0.501500
0.365300, 0.122900, 0.511800
0.360600, 0.119700, 0.519700
0.357700, 0.117900, 0.524400
0.351900, 0.115700, 0.532400
0.346300, 0.116400, 0.537300
0.342200, 0.115300, 0.542500
0.336700, 0.116300, 0.547000
0.330500, 0.116200, 0.553300
0.325000, 0.116100, 0.558900
0.319300, 0.116600, 0.564100
0.313900, 0.115600, 0.570500
0.309000, 0.114800, 0.576200
0.302200, 0.118100, 0.579700
0.299300, 0.115900, 0.584800
0.295600, 0.114600, 0.589800
0.291400, 0.112000, 0.596600
0.285800, 0.111900, 0.602300
0.282000, 0.109700, 0.608300
0.277400, 0.108600, 0.614000
0.273200, 0.108000, 0.618800
0.268400, 0.107000, 0.624600
0.264700, 0.106500, 0.628800
0.263500, 0.104500, 0.632000
0.261700, 0.101900, 0.636400
0.260500, 0.100500, 0.639000
0.261300, 0.098000, 0.640700
0.261200, 0.093900, 0.644900
0.261200, 0.090800, 0.648000
0.261900, 0.089200, 0.648900
0.262800, 0.085500, 0.651700
0.265800, 0.081500, 0.652700
0.268900, 0.079300, 0.651800
0.270700, 0.076000, 0.653300
0.274900, 0.071400, 0.653700
0.277300, 0.068400, 0.654300
0.278700, 0.064300, 0.657000
0.281000, 0.061900, 0.657100
0.285600, 0.057400, 0.657000
0.289600, 0.055200, 0.655200
0.292700, 0.050700, 0.656600
0.297200, 0.049100, 0.653700
0.303200, 0.044700, 0.652100
0.307100, 0.042000, 0.650900
0.312100, 0.040500, 0.647400
0.317400, 0.037800, 0.644800
0.321900, 0.035600, 0.642500
0.327000, 0.034700, 0.638300
0.332200, 0.032600, 0.635200
0.334700, 0.032800, 0.632500
0.340500, 0.030900, 0.628600
0.345100, 0.030100, 0.624800
0.348900, 0.029400, 0.621700
0.352900, 0.028800, 0.618300
0.358200, 0.027900, 0.613900
0.362400, 0.026300, 0.611300
0.366500, 0.025000, 0.608500
0.371400, 0.023800, 0.604800
0.376200, 0.022300, 0.601500
0.381400, 0.021300, 0.597300
0.386600, 0.020100, 0.593300
0.392400, 0.018100, 0.589500
0.397400, 0.018500, 0.584100
0.401600, 0.017000, 0.581400
0.406000, 0.016900, 0.577100
0.409000, 0.016700, 0.574300
0.413200, 0.016400, 0.570400
0.417000, 0.016300, 0.566700
0.421600, 0.016200, 0.562200
0.426200, 0.015400, 0.558400
0.431300, 0.015000, 0.553700
0.436500, 0.013100, 0.550400
0.441500, 0.012600, 0.545900
0.446600, 0.012500, 0.540900
0.450700, 0.013200, 0.536100
0.455000, 0.012700, 0.532300
0.459300, 0.011900, 0.528800
0.463700, 0.011100, 0.525200
0.467500, 0.010900, 0.521600
0.470600, 0.010600, 0.518800
0.475600, 0.010300, 0.514100
0.480000, 0.009500, 0.510500
0.482500, 0.010100, 0.507400
0.486200, 0.009800, 0.504000
0.490200, 0.008900, 0.500900
0.495000, 0.009400, 0.495600
0.498500, 0.009700, 0.491800
0.501400, 0.009500, 0.489100
0.506000, 0.009500, 0.484500
0.510600, 0.009700, 0.479700
0.514200, 0.009600, 0.476200
0.518800, 0.009300, 0.471900
0.523300, 0.009400, 0.467300
0.525700, 0.009700, 0.464600
0.530100, 0.009600, 0.460300
0.533400, 0.009500, 0.457100
0.537500, 0.009300, 0.453200
0.541400, 0.009600, 0.449000
0.544100, 0.010400, 0.445500
0.548500, 0.010300, 0.441200
0.552000, 0.010100, 0.437900
0.556300, 0.010500, 0.433200
0.559200, 0.010800, 0.430000
0.562700, 0.011600, 0.425700
0.566000, 0.011500, 0.422500
0.569400, 0.011700, 0.418900
0.572700, 0.012000, 0.415300
0.575000, 0.012500, 0.412500
0.579000, 0.012700, 0.408300
0.582100, 0.012000, 0.405900
0.584300, 0.012700, 0.403000
0.587400, 0.012900, 0.399700
0.589700, 0.013400, 0.396900
0.592500, 0.014300, 0.393200
0.595200, 0.014600, 0.390200
0.597100, 0.014800, 0.388100
0.600600, 0.014400, 0.385000
0.603200, 0.014400, 0.382400
0.605500, 0.013800, 0.380700
0.607500, 0.014300, 0.378200
0.609200, 0.014200, 0.376600
0.610400, 0.014300, 0.375300
0.613500, 0.013600, 0.372900
0.615100, 0.013800, 0.371100
0.617300, 0.013800, 0.368900
0.618800, 0.013700, 0.367500
0.621800, 0.012900, 0.365300
0.623900, 0.012400, 0.363700
0.626100, 0.012700, 0.361200
0.627900, 0.013200, 0.358900
0.629900, 0.013800, 0.356300
0.631900, 0.013900, 0.354200
0.633600, 0.015000, 0.351400
0.635900, 0.015100, 0.349000
0.637300, 0.016000, 0.346700
0.638600, 0.017600, 0.343800
0.640300, 0.017800, 0.341900
0.641300, 0.017700, 0.341000
0.644000, 0.018500, 0.337500
0.644200, 0.020300, 0.335500
0.643800, 0.021000, 0.335200
0.644600, 0.020800, 0.334600
0.644300, 0.022000, 0.333700
0.645700, 0.022100, 0.332200
0.647600, 0.022100, 0.330300
0.648900, 0.021900, 0.329200
0.649300, 0.022000, 0.328700
0.647500, 0.023000, 0.329500
0.648300, 0.022200, 0.329500
0.649400, 0.023700, 0.326900
0.649900, 0.024300, 0.325800
0.649500, 0.024000, 0.326500
0.649100, 0.024700, 0.326200
0.647500, 0.025800, 0.326700
0.646600, 0.027000, 0.326400
0.646200, 0.028500, 0.325300
0.645600, 0.028900, 0.325500
0.645600, 0.029400, 0.325000
0.644900, 0.030200, 0.324900
0.644600, 0.030400, 0.325000
0.643500, 0.031500, 0.325000
0.644100, 0.031600, 0.324300
0.642900, 0.032200, 0.324900
0.643200, 0.032000, 0.324800
0.641000, 0.032900, 0.326100
0.639500, 0.035000, 0.325500
0.638200, 0.036300, 0.325500
0.635300, 0.039800, 0.324900
0.632500, 0.039800, 0.327700
0.631600, 0.040400, 0.328000
0.629700, 0.041800, 0.328500
0.628900, 0.041700, 0.329400
0.628500, 0.041300, 0.330200
0.626500, 0.042500, 0.331000
0.624300, 0.043700, 0.332000
0.621500, 0.044200, 0.334300
0.620400, 0.045000, 0.334600
0.618700, 0.045100, 0.336200
0.616800, 0.046300, 0.336900
0.613600, 0.049200, 0.337200
0.610700, 0.049700, 0.339600
0.607900, 0.050900, 0.341200
0.603900, 0.052700, 0.343400
0.601300, 0.053900, 0.344800
0.598000, 0.055800, 0.346200
0.595000, 0.057100, 0.347900
0.591700, 0.057700, 0.350600
0.588700, 0.060700, 0.350600
0.586300, 0.060700, 0.353000
0.582400, 0.062800, 0.354800
0.579800, 0.063300, 0.356900
0.576200, 0.063400, 0.360400
0.571200, 0.065600, 0.363200
0.568200, 0.065400, 0.366400
0.564400, 0.065700, 0.369900
0.559800, 0.066200, 0.374000
0.556400, 0.066400, 0.377200
0.551500, 0.068000, 0.380500
0.545700, 0.070400, 0.383900
0.541800, 0.072500, 0.385700
0.537200, 0.075300, 0.387500
0.531700, 0.077900, 0.390400
0.527100, 0.080200, 0.392700
0.523600, 0.080700, 0.395700
0.519700, 0.079900, 0.400400
0.513800, 0.081600, 0.404600
0.509400, 0.082200, 0.408400
0.504200, 0.082200, 0.413600
0.498800, 0.084300, 0.416900
0.493700, 0.085000, 0.421300
0.490300, 0.084700, 0.425000
0.486100, 0.086100, 0.427800
0.483200, 0.085100, 0.431700
0.478900, 0.084700, 0.436400
0.472800, 0.085600, 0.441600
0.468500, 0.087600, 0.443900
0.463300, 0.087100, 0.449600
0.459600, 0.086200, 0.454200
0.453600, 0.086600, 0.459800
0.449800, 0.086900, 0.463300
0.446200, 0.087500, 0.466300
0.442400, 0.087500, 0.470100
0.438800, 0.087700, 0.473500
0.434700, 0.087500, 0.477800
0.429900, 0.089200, 0.480900
0.425500, 0.091700, 0.482800
0.420000, 0.092200, 0.487800
0.414300, 0.091600, 0.494100
0.408700, 0.094000, 0.497300
0.404200, 0.091300, 0.504500
0.396900, 0.094200, 0.508900
0.392900, 0.094900, 0.512200
0.388000, 0.095700, 0.516300
0.382000, 0.097300, 0.520700
0.376200, 0.098600, 0.525200
0.372200, 0.099500, 0.528300
0.365300, 0.101000, 0.533700
0.363500, 0.099900, 0.536600
0.356800, 0.101400, 0.541800
0.351400, 0.102100, 0.546500
0.346500, 0.101400, 0.552100
0.342900, 0.099800, 0.557300
0.338500, 0.099500, 0.562000
0.334700, 0.098200, 0.567100
0.331100, 0.098200, 0.570700
0.328500, 0.099600, 0.571900
0.325700, 0.098600, 0.575700
0.323200, 0.099700, 0.577100
0.318700, 0.099100, 0.582200
0.314600, 0.099000, 0.586400
0.311700, 0.099500, 0.588800
0.309400, 0.098600, 0.592000
0.307200, 0.094400, 0.598400
0.306100, 0.091600, 0.602300
0.304200, 0.089700, 0.606100
0.302600, 0.087000, 0.610400
0.304000, 0.085900, 0.610100
0.301500, 0.085800, 0.612700
0.298900, 0.084300, 0.616800
0.298000, 0.081200, 0.620800
0.299000, 0.078500, 0.622500
0.299600, 0.076200, 0.624200
0.299900, 0.072700, 0.627400
0.298100, 0.072000, 0.629900
0.298600, 0.071400, 0.630000
0.300100, 0.070600, 0.629300
0.300700, 0.069300, 0.630000
0.299800, 0.068800, 0.631400
0.299300, 0.066800, 0.633900
0.302000, 0.065900, 0.632100
0.302800, 0.064700, 0.632500
0.305100, 0.062400, 0.632500
0.307100, 0.059900, 0.633000
0.309900, 0.057200, 0.632900
0.312000, 0.055600, 0.632400
0.313300, 0.054000, 0.632700
0.317300, 0.052300, 0.630400
0.321000, 0.051000, 0.628000
0.323300, 0.051000, 0.625700
0.324000, 0.051100, 0.624900
0.325300, 0.048900, 0.625800
0.327100, 0.047200, 0.625700
0.331300, 0.044800, 0.623900
0.336000, 0.042800, 0.621200
0.339100, 0.040600, 0.620300
0.343300, 0.038400, 0.618300
0.346800, 0.036700, 0.616500
0.349800, 0.035900, 0.614300
0.352900, 0.035800, 0.611300
0.357700, 0.034500, 0.607800
0.361500, 0.033800, 0.604700
0.366000, 0.032800, 0.601200
0.368900, 0.032700, 0.598400
0.372200, 0.031900, 0.595900
0.377500, 0.031300, 0.591200
0.380900, 0.030500, 0.588600
0.382600, 0.029900, 0.587500
0.387100, 0.028100, 0.584800
0.391700, 0.027200, 0.581100
0.396200, 0.026400, 0.577400
0.399500, 0.025200, 0.575300
0.404000, 0.023600, 0.572400
0.406600, 0.022900, 0.570500
0.411600, 0.022400, 0.566000
0.414500, 0.022200, 0.563300
0.418000, 0.022700, 0.559300
0.422100, 0.021100, 0.556800
0.426600, 0.019000, 0.554400
0.429200, 0.019000, 0.551800
0.432100, 0.018800, 0.549100
0.435500, 0.019000, 0.545500
0.439100, 0.018500, 0.542400
0.443900, 0.017800, 0.538300
0.448600, 0.017400, 0.534000
0.452100, 0.017900, 0.530000
0.455300, 0.017900, 0.526800
0.459500, 0.017400, 0.523100
0.463700, 0.016800, 0.519500
0.467800, 0.016400, 0.515800
0.472200, 0.015500, 0.512300
0.474800, 0.014500, 0.510700
0.479100, 0.014200, 0.506700
0.482600, 0.012900, 0.504500
0.484800, 0.013200, 0.502000
0.488800, 0.012900, 0.498300
0.492400, 0.013000, 0.494600
0.497200, 0.013300, 0.489500
0.502300, 0.012500, 0.485200
0.506200, 0.012000, 0.481800
0.510500, 0.011600, 0.477900
0.512600, 0.011800, 0.475600
0.517300, 0.012100, 0.470600
0.522500, 0.012500, 0.465000
0.525600, 0.012000, 0.462400
0.528500, 0.012200, 0.459300
0.533700, 0.012000, 0.454300
0.536600, 0.012000, 0.451400
0.539400, 0.012000, 0.448600
0.543400, 0.011800, 0.444800
0.547000, 0.011200, 0.441800
0.550700, 0.011200, 0.438100
0.554300, 0.011100, 0.434600
0.557900, 0.011600, 0.430500
0.560800, 0.011300, 0.427900
0.564900, 0.011200, 0.423900
0.568000, 0.011300, 0.420700
0.570900, 0.011500, 0.417600
0.575300, 0.011500, 0.413200
0.578200, 0.011200, 0.410600
0.581100, 0.011200, 0.407700
0.583800, 0.010800, 0.405400
0.586300, 0.010400, 0.403300
0.589800, 0.009700, 0.400500
0.592500, 0.009800, 0.397700
0.595000, 0.009900, 0.395100
0.596400, 0.010400, 0.393200
0.598600, 0.010400, 0.391000
0.600600, 0.011400, 0.388000
0.602100, 0.011900, 0.386000
0.605000, 0.011700, 0.383300
0.607900, 0.012500, 0.379600
0.609700, 0.012000, 0.378300
0.611500, 0.012200, 0.376300
0.614000, 0.012200, 0.373800
0.615900, 0.012400, 0.371700
0.617100, 0.013000, 0.369900
0.618200, 0.014100, 0.367700
0.618900, 0.016000, 0.365100
0.619900, 0.017100, 0.363000
0.620600, 0.017900, 0.361500
0.622700, 0.017300, 0.360000
0.623900, 0.017200, 0.358900
0.624600, 0.018200, 0.357200
0.625500, 0.018900, 0.355600
0.626000, 0.020300, 0.353700
0.626200, 0.022000, 0.351800
0.625300, 0.022900, 0.351800
0.625200, 0.023900, 0.350900
0.625300, 0.024400, 0.350300
0.625800, 0.024900, 0.349300
0.626800, 0.026500, 0.346700
0.626800, 0.027600, 0.345600
0.625700, 0.028800, 0.345500
0.623400, 0.030000, 0.346600
0.622200, 0.032700, 0.345100
0.622000, 0.034000, 0.344000
0.621900, 0.034400, 0.343700
0.621500, 0.036800, 0.341700
0.622400, 0.035900, 0.341700
0.621300, 0.036400, 0.342300
0.621200, 0.036000, 0.342800
0.621500, 0.034500, 0.344000
0.620400, 0.035500, 0.344100
0.621400, 0.033800, 0.344800
0.620800, 0.033000, 0.346200
0.618800, 0.034800, 0.346400
0.617900, 0.034800, 0.347300
0.616700, 0.036600, 0.346700
0.616500, 0.035500, 0.348000
0.614900, 0.035900, 0.349200
0.613200, 0.037500, 0.349300
0.612600, 0.037300, 0.350100
0.610600, 0.038500, 0.350900
0.610200, 0.039600, 0.350200
0.607200, 0.040600, 0.352200
0.606400, 0.039800, 0.353800
0.604000, 0.042700, 0.353300
0.602200, 0.044500, 0.353300
0.599800, 0.046300, 0.353900
0.598400, 0.046400, 0.355200
0.597400, 0.046200, 0.356400
0.594700, 0.047700, 0.357600
0.591000, 0.049900, 0.359100
0.587600, 0.051700, 0.360700
0.586100, 0.052500, 0.361400
0.582800, 0.054700, 0.362500
0.578900, 0.057800, 0.363300
0.575700, 0.057000, 0.367300
0.572000, 0.058600, 0.369400
0.569500, 0.058100, 0.372400
0.566500, 0.059500, 0.374000
0.563600, 0.061600, 0.374800
0.560000, 0.060800, 0.379200
0.554400, 0.064900, 0.380700
0.549500, 0.067600, 0.382900
0.542600, 0.072200, 0.385200
0.537100, 0.074900, 0.388000
0.533100, 0.075100, 0.391800
0.527400, 0.077200, 0.395400
0.520200, 0.080100, 0.399700
0.516400, 0.079500, 0.404100
0.512300, 0.080900, 0.406800
0.506100, 0.085000, 0.408900
0.503200, 0.084700, 0.412100
0.495000, 0.089800, 0.415200
0.486000, 0.093300, 0.420700
0.480600, 0.092900, 0.426500
0.475800, 0.091900, 0.432300
0.470300, 0.091400, 0.438300
0.465400, 0.092900, 0.441700
0.459700, 0.093700, 0.446600
0.455700, 0.093800, 0.450500
0.450300, 0.094500, 0.455200
0.446500, 0.092800, 0.460700
0.440600, 0.094900, 0.464500
0.435500, 0.095100, 0.469400
0.429300, 0.094400, 0.476300
0.425900, 0.094200, 0.479900
0.419200, 0.097600, 0.483200
0.412700, 0.099600, 0.487700
0.406500, 0.100300, 0.493200
0.399500, 0.102400, 0.498100
0.392300, 0.103800, 0.503900
0.384200, 0.106300, 0.509500
0.379700, 0.105700, 0.514600
0.373000, 0.109400, 0.517600
0.364300, 0.110600, 0.525100
0.356800, 0.111800, 0.531400
0.352900, 0.110700, 0.536400
0.344200, 0.113600, 0.542200
0.338300, 0.113500, 0.548200
0.330400, 0.116200, 0.553400
0.325600, 0.116000, 0.558400
0.318200, 0.118700, 0.563100
0.311700, 0.120900, 0.567400
0.306500, 0.120800, 0.572700
0.299400, 0.121200, 0.579400
0.294300, 0.119800, 0.585900
0.288700, 0.116600, 0.594700
0.284200, 0.115800, 0.600000
0.278200, 0.113700, 0.608100
0.275800, 0.111800, 0.612400
0.273500, 0.110500, 0.616000
0.273000, 0.106400, 0.620600
0.272800, 0.103000, 0.624200
0.271500, 0.101100, 0.627400
0.270500, 0.098400, 0.631100
0.270000, 0.095600, 0.634400
0.271200, 0.091600, 0.637200
0.271000, 0.089900, 0.639100
0.271400, 0.086500, 0.642100
0.271900, 0.084000, 0.644100
0.272400, 0.081500, 0.646100
0.273000, 0.080300, 0.646700
0.275200, 0.077200, 0.647600
0.276500, 0.074300, 0.649200
0.279100, 0.070800, 0.650100
0.283100, 0.067700, 0.649200
0.287000, 0.063500, 0.649500
0.290400, 0.059800, 0.649800
0.292000, 0.055300, 0.652700
0.295400, 0.050900, 0.653700
0.297900, 0.048800, 0.653300
0.301600, 0.047200, 0.651200
0.305600, 0.045500, 0.648900
0.308000, 0.044100, 0.647900
0.313800, 0.041200, 0.645000
0.317200, 0.040000, 0.642800
0.321700, 0.038500, 0.639800
0.324800, 0.037800, 0.637400
0.327100, 0.038100, 0.634800
0.330300, 0.037600, 0.632100
0.333600, 0.036500, 0.629900
0.338200, 0.034100, 0.627700
0.342700, 0.034100, 0.623200
0.344800, 0.034000, 0.621200
0.348000, 0.032600, 0.619400
0.352200, 0.031700, 0.616100
0.355100, 0.029800, 0.615100
0.361400, 0.028100, 0.610500
0.365800, 0.026500, 0.607700
0.371900, 0.025300, 0.602800
0.376800, 0.024300, 0.598900
0.379900, 0.024000, 0.596100
0.385200, 0.023600, 0.591200
0.389200, 0.023300, 0.587500
0.392900, 0.023800, 0.583300
0.396200, 0.022700, 0.581100
0.401100, 0.021900, 0.577000
0.404800, 0.022600, 0.572600
0.409400, 0.022000, 0.568600
0.414300, 0.021600, 0.564100
0.417500, 0.021300, 0.561200
0.420700, 0.021700, 0.557600
0.424200, 0.021000, 0.554800
0.426900, 0.021100, 0.552000
0.431400, 0.021100, 0.547500
0.435500, 0.020400, 0.544100
0.438500, 0.020600, 0.540900
0.441000, 0.020900, 0.538100
0.444100, 0.021300, 0.534600
0.447800, 0.020400, 0.531800
0.451700, 0.019700, 0.528600
0.455200, 0.018200, 0.526600
0.457800, 0.018100, 0.524100
0.459900, 0.018300, 0.521800
0.464700, 0.018200, 0.517100
0.469300, 0.017100, 0.513600
0.473200, 0.018300, 0.508500
0.474900, 0.020000, 0.505100
0.477700, 0.020500, 0.501800
0.480900, 0.020300, 0.498800
0.483000, 0.020400, 0.496600
0.486000, 0.020100, 0.493900
0.489600, 0.020200, 0.490200
0.492200, 0.020000, 0.487800
0.495100, 0.020800, 0.484100
0.497400, 0.021900, 0.480700
0.500500, 0.022800, 0.476700
0.503600, 0.022200, 0.474200
0.507400, 0.022300, 0.470300
0.510400, 0.021700, 0.467900
0.512800, 0.022200, 0.465000
0.516100, 0.021300, 0.462600
0.518400, 0.021500, 0.460100
0.520100, 0.022400, 0.457500
0.523000, 0.022900, 0.454100
0.525400, 0.022100, 0.452500
0.527500, 0.022400, 0.450100
0.530000, 0.022300, 0.447700
0.532900, 0.022900, 0.444200
0.535100, 0.023200, 0.441700
0.536500, 0.023100, 0.440400
0.539000, 0.023300, 0.437700
0.541800, 0.023400, 0.434800
0.543800, 0.022800, 0.433400
0.545200, 0.023500, 0.431300
0.546700, 0.022700, 0.430600
0.547400, 0.023800, 0.428800
0.550000, 0.023200, 0.426800
0.552400, 0.022700, 0.424900
0.553800, 0.021800, 0.424400
0.556200, 0.022500, 0.421300
0.557400, 0.023600, 0.419000
0.558800, 0.024400, 0.416800
0.559900, 0.025100, 0.415000
0.561400, 0.025200, 0.413400
0.561900, 0.026400, 0.411700
0.562900, 0.025600, 0.411500
0.565100, 0.025600, 0.409300
0.566200, 0.025800, 0.408000
0.565800, 0.028100, 0.406100
0.566500, 0.027400, 0.406100
0.568000, 0.027500, 0.404500
0.569100, 0.026800, 0.404100
0.569000, 0.027000, 0.404000
0.568900, 0.027600, 0.403500
0.570400, 0.028900, 0.400700
0.571700, 0.029200, 0.399100
0.572500, 0.029400, 0.398100
0.572800, 0.030700, 0.396500
0.572900, 0.031600, 0.395500
0.574700, 0.030700, 0.394600
0.576000, 0.031400, 0.392600
0.576700, 0.030500, 0.392800
0.577300, 0.030800, 0.391900
0.579400, 0.029500, 0.391100
0.581800, 0.029300, 0.388900
0.581700, 0.030100, 0.388200
0.582300, 0.030800, 0.386900
0.581700, 0.031900, 0.386400
0.581900, 0.032700, 0.385400
0.581200, 0.033900, 0.384900
0.582400, 0.033300, 0.384300
0.582100, 0.034200, 0.383700
0.580900, 0.034700, 0.384400
0.579700, 0.035400, 0.384900
0.579400, 0.036500, 0.384100
0.579200, 0.037500, 0.383300
0.577800, 0.039700, 0.382500
0.576300, 0.041600, 0.382100
0.576400, 0.042600, 0.381000
0.575100, 0.043500, 0.381400
0.574000, 0.045100, 0.380900
0.571100, 0.045600, 0.383300
0.571200, 0.045800, 0.383000
0.569700, 0.045600, 0.384700
0.568300, 0.045000, 0.386700
0.566600, 0.045700, 0.387700
0.565400, 0.046400, 0.388200
0.564600, 0.046200, 0.389200
0.562800, 0.046300, 0.390900
0.562200, 0.047100, 0.390700
0.560700, 0.048300, 0.391000
0.560800, 0.048400, 0.390800
0.558400, 0.048300, 0.393300
0.557200, 0.048800, 0.394000
0.555100, 0.048800, 0.396100
0.554300, 0.047500, 0.398200
0.554300, 0.047000, 0.398700
0.554000, 0.046800, 0.399200
0.552600, 0.046900, 0.400500
0.551400, 0.047300, 0.401300
0.549500, 0.047800, 0.402700
0.548500, 0.046800, 0.404700
0.548400, 0.046800, 0.404800
0.545200, 0.049500, 0.405300
0.542800, 0.051900, 0.405300
0.542700, 0.051000, 0.406300
0.541800, 0.051200, 0.407000
0.539100, 0.053000, 0.407900
0.539000, 0.051600, 0.409400
0.537500, 0.050800, 0.411700
0.534400, 0.052600, 0.413000
0.531800, 0.053400, 0.414800
0.530000, 0.053200, 0.416800
0.526900, 0.055400, 0.417700
0.525500, 0.056600, 0.417900
0.522500, 0.057600, 0.419900
0.522200, 0.055700, 0.422100
0.521000, 0.056000, 0.423000
0.520200, 0.056700, 0.423100
0.518600, 0.056500, 0.424900
0.517700, 0.057900, 0.424400
0.516500, 0.059200, 0.424300
0.515200, 0.058500, 0.426300
0.511600, 0.060900, 0.427500
0.509500, 0.061300, 0.429200
0.505100, 0.065700, 0.429200
0.501300, 0.066500, 0.432200
0.496900, 0.068900, 0.434200
0.494100, 0.071000, 0.434900
0.489300, 0.071500, 0.439200
0.484500, 0.074100, 0.441400
0.480700, 0.074700, 0.444600
0.476700, 0.075800, 0.447500
0.471900, 0.078600, 0.449500
0.465900, 0.081600, 0.452500
0.461000, 0.081500, 0.457500
0.456300, 0.082100, 0.461600
0.454100, 0.081300, 0.464600
0.449800, 0.082900, 0.467300
0.443700, 0.085700, 0.470600
0.438900, 0.086000, 0.475100
0.434800, 0.086300, 0.478900
0.429700, 0.087100, 0.483200
0.423200, 0.088400, 0.488400
0.417600, 0.090500, 0.491900
0.413300, 0.089900, 0.496800
0.408500, 0.091100, 0.500400
0.402200, 0.094000, 0.503800
0.396600, 0.095000, 0.508400
0.394400, 0.095000, 0.510600
0.388600, 0.095300, 0.516100
0.382100, 0.098600, 0.519300
0.377200, 0.101200, 0.521600
0.370100, 0.102600, 0.527300
0.364800, 0.104000, 0.531200
0.359600, 0.102200, 0.538200
0.356300, 0.101600, 0.542100
0.350200, 0.103500, 0.546300
0.343600, 0.103800, 0.552600
0.338000, 0.103900, 0.558100
0.328500, 0.106600, 0.564900
0.323400, 0.107000, 0.569600
0.319200, 0.106500, 0.574300
0.316400, 0.103600, 0.580000
0.312900, 0.102300, 0.584800
0.311000, 0.097900, 0.591100
0.309800, 0.095300, 0.594900
0.308000, 0.092800, 0.599200
0.308300, 0.089600, 0.602100
0.305300, 0.089900, 0.604800
0.305800, 0.086600, 0.607600
0.308200, 0.084400, 0.607400
0.309800, 0.080300, 0.609900
0.307500, 0.078900, 0.613600
0.309500, 0.076400, 0.614100
0.310100, 0.072700, 0.617200
0.314100, 0.070100, 0.615800
0.316600, 0.067000, 0.616400
0.318600, 0.065300, 0.616100
0.321400, 0.061500, 0.617100
0.325300, 0.058500, 0.616200
0.329800, 0.054900, 0.615300
0.333700, 0.051800, 0.614500
0.336300, 0.049600, 0.614100
0.340600, 0.046800, 0.612600
0.344100, 0.043500, 0.612400
0.348600, 0.042400, 0.609000
0.352200, 0.041500, 0.606300
0.355700, 0.039400, 0.604900
0.359600, 0.038400, 0.602000
0.363600, 0.036100, 0.600300
0.367700, 0.036000, 0.596300
0.370800, 0.034200, 0.595000
0.374900, 0.031700, 0.593400
0.378100, 0.030400, 0.591500
0.382600, 0.028900, 0.588500
0.386700, 0.027000, 0.586300
0.390800, 0.025400, 0.583800
0.393900, 0.024000, 0.582100
0.398100, 0.023400, 0.578500
0.402600, 0.022000, 0.575400
0.406900, 0.022100, 0.571000
0.410800, 0.022100, 0.567100
0.413000, 0.022300, 0.564700
0.418300, 0.021600, 0.560100
0.422000, 0.021300, 0.556700
0.426200, 0.020500, 0.553300
0.429600, 0.020200, 0.550200
0.433400, 0.018800, 0.547800
0.436300, 0.018300, 0.545400
0.440400, 0.018800, 0.540800
0.443500, 0.018900, 0.537600
0.446500, 0.019600, 0.533900
0.450400, 0.020400, 0.529200
0.454000, 0.018900, 0.527100
0.458600, 0.017700, 0.523700
0.461700, 0.018100, 0.520200
0.465700, 0.018500, 0.515800
0.467700, 0.019300, 0.513000
0.470900, 0.019200, 0.509900
0.472800, 0.019700, 0.507500
0.474400, 0.020500, 0.505100
0.475700, 0.021000, 0.503300
0.479000, 0.021300, 0.499700
0.482500, 0.020700, 0.496800
0.486000, 0.021000, 0.493000
0.489400, 0.020700, 0.489900
0.491900, 0.021300, 0.486800
0.494800, 0.021400, 0.483800
0.497100, 0.021300, 0.481600
0.498300, 0.021600, 0.480100
0.502000, 0.020200, 0.477800
0.505800, 0.019400, 0.474800
0.509600, 0.019000, 0.471400
0.510900, 0.020100, 0.469000
0.513900, 0.019500, 0.466600
0.515400, 0.019500, 0.465100
0.518600, 0.018800, 0.462600
0.521700, 0.018800, 0.459500
0.523600, 0.020000, 0.456400
0.527200, 0.019200, 0.453600
0.529800, 0.019300, 0.450900
0.532200, 0.019100, 0.448700
0.535700, 0.018700, 0.445600
0.537600, 0.018900, 0.443500
0.538600, 0.019900, 0.441500
0.540300, 0.019500, 0.440200
0.542900, 0.019900, 0.437200
0.544600, 0.021000, 0.434400
0.547400, 0.021500, 0.431100
0.550400, 0.021800, 0.427800
0.551300, 0.023000, 0.425700
0.552900, 0.023500, 0.423600
0.553800, 0.024900, 0.421300
0.555200, 0.024500, 0.420300
0.556800, 0.024500, 0.418700
0.557700, 0.024700, 0.417600
0.560500, 0.023300, 0.416200
0.562700, 0.023000, 0.414300
0.564800, 0.023600, 0.411600
0.565600, 0.024800, 0.409600
0.567500, 0.025300, 0.407200
0.567600, 0.025400, 0.407000
0.568900, 0.025000, 0.406100
0.569300, 0.026000, 0.404700
0.569700, 0.027600, 0.402700
0.571500, 0.027300, 0.401200
0.572100, 0.027900, 0.400000
0.572900, 0.027700, 0.399400
0.575900, 0.026800, 0.397300
0.577400, 0.027000, 0.395600
0.579200, 0.026200, 0.394600
0.579000, 0.028000, 0.393000
0.580000, 0.027600, 0.392400
0.581100, 0.027600, 0.391300
0.583100, 0.027300, 0.389600
0.583000, 0.027700, 0.389300
0.584200, 0.027500, 0.388300
0.585300, 0.026600, 0.388100
0.587700, 0.024900, 0.387400
0.587600, 0.024600, 0.387800
0.588400, 0.024200, 0.387400
0.590500, 0.024700, 0.384800
0.591800, 0.025100, 0.383100
0.591800, 0.025500, 0.382700
0.591400, 0.026600, 0.382000
0.592300, 0.027000, 0.380700
0.593200, 0.027400, 0.379400
0.593400, 0.027300, 0.379300
0.596100, 0.025400, 0.378500
0.597800, 0.025700, 0.376500
0.598900, 0.026500, 0.374600
0.600000, 0.026800, 0.373200
0.601600, 0.026800, 0.371600
0.603400, 0.026500, 0.370100
0.603400, 0.027200, 0.369400
0.603600, 0.028500, 0.367900
0.603300, 0.029300, 0.367400
0.602300, 0.031200, 0.366500
0.600200, 0.034200, 0.365600
0.597700, 0.036700, 0.365600
0.594500, 0.038800, 0.366700
0.593900, 0.038500, 0.367600
0.591900, 0.041500, 0.366600
0.588900, 0.044000, 0.367100
0.587600, 0.044800, 0.367600
0.584600, 0.045800, 0.369600
0.581200, 0.047000, 0.371800
0.580000, 0.047600, 0.372400
0.578200, 0.047900, 0.373900
0.577700, 0.048000, 0.374300
0.573400, 0.050900, 0.375700
0.570700, 0.052300, 0.377000
0.568600, 0.052000, 0.379400
0.567400, 0.051700, 0.380900
0.565400, 0.052500, 0.382100
0.564200, 0.052100, 0.383700
0.559700, 0.055000, 0.385300
0.558000, 0.056200, 0.385800
0.555100, 0.056800, 0.388100
0.552600, 0.059200, 0.388200
0.548300, 0.061800, 0.389900
0.545000, 0.063500, 0.391500
0.541000, 0.064600, 0.394400
0.535800, 0.068200, 0.396000
0.532500, 0.067100, 0.400400
0.531400, 0.066500, 0.402100
0.526900, 0.066000, 0.407100
0.522900, 0.067600, 0.409500
0.517500, 0.070700, 0.411800
0.514900, 0.071500, 0.413600
0.512100, 0.072100, 0.415800
0.509300, 0.073300, 0.417400
0.507300, 0.072800, 0.419900
0.507300, 0.070700, 0.422000
0.503000, 0.072100, 0.424900
0.499800, 0.072500, 0.427700
0.498600, 0.072600, 0.428800
0.494500, 0.073800, 0.431700
0.489900, 0.074100, 0.436000
0.487700, 0.073200, 0.439100
0.484900, 0.073700, 0.441400
0.481900, 0.073900, 0.444200
0.477200, 0.076700, 0.446100
0.476000, 0.075500, 0.448500
0.473900, 0.074900, 0.451200
0.470300, 0.076200, 0.453500
0.465600, 0.077600, 0.456800
0.461600, 0.079200, 0.459200
0.457500, 0.079100, 0.463400
0.455000, 0.077800, 0.467200
0.450300, 0.078900, 0.470800
0.446300, 0.079500, 0.474200
0.443600, 0.078500, 0.477900
0.438900, 0.080700, 0.480400
0.436700, 0.079900, 0.483400
0.434400, 0.078100, 0.487500
0.432700, 0.075800, 0.491500
0.429400, 0.075300, 0.495300
0.427100, 0.073800, 0.499100
0.423900, 0.074300, 0.501800
0.422000, 0.073500, 0.504500
0.419900, 0.072000, 0.508100
0.418500, 0.071400, 0.510100
0.417100, 0.070900, 0.512000
0.414400, 0.071200, 0.514400
0.414800, 0.070500, 0.514700
0.414100, 0.071100, 0.514800
0.410600, 0.071800, 0.517600
0.408500, 0.067800, 0.523700
0.407400, 0.068100, 0.524500
0.405400, 0.069600, 0.525000
0.403600, 0.069400, 0.527000
0.402000, 0.070500, 0.527500
0.398800, 0.073400, 0.527800
0.397000, 0.074500, 0.528500
0.395300, 0.073200, 0.531500
0.390900, 0.076200, 0.532900
0.389500, 0.075100, 0.535400
0.385600, 0.075900, 0.538500
0.384900, 0.076300, 0.538800
0.381100, 0.078000, 0.540900
0.379400, 0.079100, 0.541500
0.378200, 0.079000, 0.542800
0.375300, 0.079000, 0.545700
0.374100, 0.079300, 0.546600
0.373400, 0.077500, 0.549100
0.372200, 0.077200, 0.550600
0.371200, 0.076100, 0.552700
0.369600, 0.075000, 0.555400
0.367800, 0.073100, 0.559100
0.367500, 0.073000, 0.559500
0.363300, 0.074500, 0.562200
0.363300, 0.072300, 0.564400
0.362600, 0.071800, 0.565600
0.362900, 0.069400, 0.567700
0.358300, 0.071600, 0.570100
0.356900, 0.072000, 0.571100
0.356200, 0.070900, 0.572900
0.354300, 0.072100, 0.573600
0.353000, 0.072400, 0.574600
0.353200, 0.071000, 0.575800
0.352300, 0.070900, 0.576800
0.351400, 0.071500, 0.577100
0.348000, 0.072100, 0.579900
0.346900, 0.070600, 0.582500
0.346000, 0.071400, 0.582600
0.344500, 0.070600, 0.584900
0.344500, 0.068300, 0.587200
0.345300, 0.066000, 0.588700
0.346300, 0.062500, 0.591200
0.348200, 0.059200, 0.592600
0.350700, 0.056000, 0.593300
0.352400, 0.053700, 0.593900
0.354700, 0.051800, 0.593500
0.357100, 0.048800, 0.594100
0.360800, 0.046300, 0.592900
0.363100, 0.044200, 0.592700
0.365600, 0.042500, 0.591900
0.368300, 0.040900, 0.590800
0.370700, 0.040900, 0.588400
0.375000, 0.040300, 0.584700
0.376200, 0.039800, 0.584000
0.379200, 0.037900, 0.582900
0.382200, 0.036500, 0.581300
0.385600, 0.035400, 0.579000
0.389700, 0.034500, 0.575800
0.393800, 0.033200, 0.573000
0.397000, 0.032500, 0.570500
0.400600, 0.031500, 0.567900
0.404000, 0.030500, 0.565500
0.409500, 0.029600, 0.560900
0.413300, 0.029700, 0.557000
0.416900, 0.028800, 0.554300
0.421200, 0.027600, 0.551200
0.424100, 0.026200, 0.549700
0.427000, 0.024900, 0.548100
0.430500, 0.024500, 0.545000
0.433700, 0.024400, 0.541900
0.437200, 0.022500, 0.540300
0.439400, 0.023100, 0.537500
0.443000, 0.022600, 0.534400
0.445900, 0.022700, 0.531400
0.450100, 0.022900, 0.527000
0.453400, 0.022900, 0.523700
0.457200, 0.022500, 0.520300
0.459400, 0.023500, 0.517100
0.462700, 0.023100, 0.514200
0.465700, 0.022600, 0.511700
0.468600, 0.021100, 0.510300
0.471800, 0.020000, 0.508200
0.475000, 0.019300, 0.505700
0.477800, 0.019700, 0.502500
0.481100, 0.020200, 0.498700
0.484500, 0.019800, 0.495700
0.487300, 0.019700, 0.493000
0.489100, 0.020600, 0.490300
0.491600, 0.021700, 0.486700
0.496000, 0.021500, 0.482500
0.500200, 0.021200, 0.478600
0.503200, 0.019400, 0.477400
0.506700, 0.018100, 0.475200
0.510700, 0.017900, 0.471400
0.514900, 0.016900, 0.468200
0.517900, 0.016500, 0.465600
0.520600, 0.015800, 0.463600
0.524200, 0.016100, 0.459700
0.529100, 0.015400, 0.455500
0.532000, 0.015100, 0.452900
0.535200, 0.015100, 0.449700
0.537300, 0.015500, 0.447200
0.540300, 0.015300, 0.444400
0.543500, 0.014700, 0.441800
0.546100, 0.014200, 0.439700
0.548900, 0.014100, 0.437000
0.553100, 0.013800, 0.433100
0.555800, 0.012700, 0.431500
0.558100, 0.013200, 0.428700
0.560600, 0.013600, 0.425800
0.561900, 0.013700, 0.424400
0.564400, 0.014000, 0.421600
0.567300, 0.014500, 0.418200
0.570600, 0.014900, 0.414500
0.574400, 0.015500, 0.410100
0.575800, 0.016200, 0.408000
0.577100, 0.017000, 0.405900
0.579400, 0.017000, 0.403600
0.581100, 0.018400, 0.400500
0.582900, 0.018700, 0.398400
0.584400, 0.018800, 0.396800
0.585000, 0.019900, 0.395100
0.585600, 0.021000, 0.393400
0.587700, 0.020600, 0.391700
0.589700, 0.020600, 0.389700
0.591700, 0.019700, 0.388600
0.592800, 0.019700, 0.387500
0.595300, 0.019200, 0.385500
0.597000, 0.018800, 0.384200
0.599200, 0.019000, 0.381800
0.601700, 0.019600, 0.378700
0.602600, 0.020200, 0.377200
0.601800, 0.021000, 0.377200
0.603300, 0.021000, 0.375700
0.603700, 0.022800, 0.373500
0.605300, 0.021300, 0.373400
0.605700, 0.021100, 0.373200
0.608100, 0.021100, 0.370800
0.609400, 0.021000, 0.369600
0.610000, 0.020400, 0.369600
0.611200, 0.021500, 0.367300
0.612700, 0.021700, 0.365600
0.613200, 0.021300, 0.365500
0.615600, 0.021800, 0.362600
0.616900, 0.021000, 0.362100
0.617000, 0.021300, 0.361700
0.618300, 0.021100, 0.360600
0.619200, 0.021600, 0.359200
0.621200, 0.021400, 0.357400
0.622200, 0.021500, 0.356300
0.623000, 0.021600, 0.355400
0.624000, 0.022100, 0.353900
0.624300, 0.022300, 0.353400
0.626500, 0.021600, 0.351900
0.628000, 0.022200, 0.349800
0.627200, 0.023400, 0.349400
0.627200, 0.024700, 0.348100
0.627200, 0.025400, 0.347400
0.628400, 0.025200, 0.346400
0.630000, 0.025100, 0.344900
0.629800, 0.026200, 0.344000
0.629500, 0.025400, 0.345100
0.629900, 0.025400, 0.344700
0.629900, 0.025900, 0.344200
0.631300, 0.025500, 0.343200
0.629600, 0.027200, 0.343200
0.631400, 0.027000, 0.341600
0.630600, 0.028300, 0.341100
0.632000, 0.028100, 0.339900
0.631300, 0.028800, 0.339900
0.631600, 0.029200, 0.339200
0.631800, 0.029700, 0.338500
0.631200, 0.030000, 0.338800
0.630600, 0.031100, 0.338300
0.630200, 0.031100, 0.338700
0.630600, 0.030800, 0.338600
0.631300, 0.031500, 0.337200
0.630700, 0.031900, 0.337400
0.629800, 0.032100, 0.338100
0.630400, 0.032100, 0.337500
0.629000, 0.032800, 0.338200
0.626800, 0.033800, 0.339400
0.625800, 0.034800, 0.339400
0.625000, 0.034500, 0.340500
0.622900, 0.037600, 0.339500
0.622900, 0.037500, 0.339600
0.620700, 0.038900, 0.340400
