0.000000, 0.000000, 0.000000
0.221100, 0.408700, 0.370200
0.151900, 0.438000, 0.410100
0.107600, 0.442800, 0.449600
0.078600, 0.432800, 0.488600
0.061800, 0.413300, 0.524900
0.051600, 0.390200, 0.558200
0.045100, 0.365300, 0.589600
0.041300, 0.341300, 0.617400
0.038300, 0.313900, 0.647800
0.036300, 0.293100, 0.670600
0.036800, 0.268800, 0.694400
0.040100, 0.249400, 0.710500
0.042400, 0.230100, 0.727500
0.046200, 0.213000, 0.740800
0.048700, 0.197400, 0.753900
0.050600, 0.183100, 0.766300
0.049900, 0.172400, 0.777700
0.053600, 0.158400, 0.788000
0.056900, 0.147000, 0.796100
0.060600, 0.139600, 0.799800
0.064400, 0.130200, 0.805400
0.069400, 0.121800, 0.808800
0.075100, 0.111000, 0.813900
0.080300, 0.102100, 0.817600
0.085000, 0.097100, 0.817900
0.089300, 0.089000, 0.821700
0.095100, 0.082800, 0.822100
0.102200, 0.077700, 0.820100
0.105600, 0.072500, 0.821900
0.110800, 0.067400, 0.821800
0.118700, 0.062900, 0.818400
0.123600, 0.057100, 0.819300
0.130500, 0.054400, 0.815100
0.135300, 0.050900, 0.813800
0.140300, 0.048800, 0.810900
0.146000, 0.045800, 0.808200
0.151600, 0.043000, 0.805400
0.157100, 0.040700, 0.802200
0.163600, 0.039100, 0.797300
0.171000, 0.036400, 0.792600
0.178700, 0.033200, 0.788100
0.183900, 0.030700, 0.785400
0.190200, 0.029200, 0.780600
0.194500, 0.028900, 0.776600
0.200900, 0.028200, 0.770900
0.206200, 0.026600, 0.767200
0.212700, 0.025100, 0.762200
0.220000, 0.024200, 0.755800
0.226600, 0.022500, 0.750900
0.233400, 0.021400, 0.745200
0.239900, 0.020500, 0.739600
0.247000, 0.019800, 0.733200
0.252600, 0.018300, 0.729100
0.259300, 0.016800, 0.723900
0.265500, 0.016600, 0.717900
0.271500, 0.015900, 0.712600
0.278200, 0.014200, 0.707600
0.285600, 0.013400, 0.701000
0.292400, 0.013000, 0.694600
0.298400, 0.012800, 0.688800
0.304800, 0.012000, 0.683200
0.311500, 0.011600, 0.676900
0.316400, 0.011400, 0.672200
0.323700, 0.010700, 0.665600
0.328800, 0.010500, 0.660700
0.334300, 0.010400, 0.655300
0.340200, 0.010600, 0.649200
0.347000, 0.010900, 0.642100
0.352900, 0.010500, 0.636600
0.356900, 0.011300, 0.631800
0.363400, 0.010800, 0.625800
0.367900, 0.010000, 0.622100
0.373700, 0.010300, 0.616000
0.378600, 0.010200, 0.611200
0.384200, 0.010800, 0.605000
0.388600, 0.010800, 0.600600
0.394500, 0.010900, 0.594600
0.399600, 0.010600, 0.589800
0.403400, 0.011100, 0.585500
0.408300, 0.011100, 0.580600
0.412700, 0.011100, 0.576200
0.416200, 0.011800, 0.572000
0.420300, 0.011000, 0.568700
0.424700, 0.011300, 0.564000
0.429000, 0.011700, 0.559300
0.435000, 0.011600, 0.553400
0.439000, 0.011400, 0.549600
0.442800, 0.011400, 0.545800
0.447100, 0.011900, 0.541000
0.450900, 0.011800, 0.537300
0.456700, 0.011000, 0.532300
0.459600, 0.011400, 0.529000
0.463000, 0.011600, 0.525400
0.466800, 0.011000, 0.522200
0.470700, 0.011500, 0.517800
0.473600, 0.011700, 0.514700
0.479000, 0.011500, 0.509500
0.483800, 0.011400, 0.504800
0.488200, 0.011400, 0.500400
0.492300, 0.011200, 0.496500
0.496000, 0.011300, 0.492700
0.501800, 0.011400, 0.486800
0.504300, 0.012100, 0.483600
0.509400, 0.011700, 0.478900
0.513200, 0.011700, 0.475100
0.517800, 0.010900, 0.471300
0.521600, 0.011300, 0.467100
0.525200, 0.010500, 0.464300
0.529100, 0.010800, 0.460100
0.533900, 0.010800, 0.455300
0.538100, 0.010400, 0.451500
0.541400, 0.010400, 0.448200
0.545000, 0.009600, 0.445400
0.547800, 0.009200, 0.443000
0.551300, 0.009400, 0.439300
0.554600, 0.009600, 0.435800
0.557700, 0.010400, 0.431900
0.560900, 0.011000, 0.428100
0.562700, 0.011300, 0.426000
0.564600, 0.011500, 0.423900
0.566500, 0.011800, 0.421700
0.570000, 0.011900, 0.418100
0.573600, 0.011400, 0.415000
0.575300, 0.012200, 0.412500
0.577500, 0.012600, 0.409900
0.580100, 0.012500, 0.407400
0.582600, 0.012600, 0.404800
0.586200, 0.012400, 0.401400
0.588800, 0.012400, 0.398800
0.592300, 0.012000, 0.395700
0.595600, 0.012500, 0.391900
0.598200, 0.012900, 0.388900
0.601200, 0.013200, 0.385600
0.604000, 0.014300, 0.381700
0.604900, 0.015000, 0.380100
0.606700, 0.015600, 0.377700
0.607600, 0.016800, 0.375600
0.608400, 0.017600, 0.374000
0.611200, 0.018600, 0.370200
0.612800, 0.018000, 0.369200
0.614100, 0.018900, 0.367000
0.615600, 0.019400, 0.365000
0.616600, 0.020600, 0.362800
0.617700, 0.021000, 0.361300
0.617100, 0.022800, 0.360100
0.617400, 0.023800, 0.358800
0.617400, 0.024100, 0.358500
0.617400, 0.023800, 0.358800
0.617900, 0.023600, 0.358500
0.617300, 0.024400, 0.358300
0.617400, 0.024700, 0.357900
0.616800, 0.026300, 0.356900
0.617700, 0.026400, 0.355900
0.617800, 0.026500, 0.355700
0.616600, 0.029200, 0.354200
0.615600, 0.031300, 0.353100
0.613600, 0.034700, 0.351700
0.610600, 0.037200, 0.352200
0.607800, 0.040900, 0.351300
0.602400, 0.045600, 0.352000
0.598500, 0.047500, 0.354000
0.593200, 0.052100, 0.354700
0.588500, 0.055700, 0.355800
0.584300, 0.058300, 0.357400
0.577500, 0.061400, 0.361100
0.574200, 0.064100, 0.361700
0.568300, 0.067500, 0.364200
0.559200, 0.071700, 0.369100
0.551700, 0.074400, 0.373900
0.544400, 0.076300, 0.379300
0.535300, 0.083100, 0.381600
0.527400, 0.085900, 0.386700
0.519700, 0.088300, 0.392000
0.513600, 0.091100, 0.395300
0.506100, 0.095000, 0.398900
0.497600, 0.096800, 0.405600
0.489700, 0.099800, 0.410500
0.481700, 0.103500, 0.414800
0.472300, 0.107500, 0.420200
0.463300, 0.113000, 0.423700
0.453600, 0.115000, 0.431400
0.447500, 0.113100, 0.439400
0.437300, 0.115000, 0.447700
0.427500, 0.116500, 0.456000
0.420500, 0.116400, 0.463100
0.412000, 0.119200, 0.468800
0.401800, 0.123900, 0.474300
0.391000, 0.126700, 0.482300
0.383600, 0.126100, 0.490300
0.375000, 0.127000, 0.498000
0.367000, 0.127200, 0.505800
0.357100, 0.128500, 0.514400
0.346300, 0.132000, 0.521700
0.338300, 0.132600, 0.529100
0.329800, 0.132900, 0.537300
0.320800, 0.135900, 0.543300
0.312100, 0.135400, 0.552500
0.302500, 0.136400, 0.561100
0.295400, 0.136100, 0.568500
0.283700, 0.136600, 0.579700
0.274900, 0.138000, 0.587100
0.264400, 0.142000, 0.593600
0.256800, 0.143900, 0.599300
0.247800, 0.145100, 0.607100
0.241400, 0.142200, 0.616400
0.233300, 0.140600, 0.626100
0.223300, 0.141600, 0.635100
0.213700, 0.146800, 0.639500
0.205300, 0.147800, 0.646900
0.198300, 0.146600, 0.655100
0.192800, 0.142600, 0.664600
0.189100, 0.138600, 0.672300
0.183000, 0.138800, 0.678200
0.180200, 0.134600, 0.685200
0.175100, 0.134200, 0.690700
0.172600, 0.129500, 0.697900
0.172000, 0.125900, 0.702100
0.172700, 0.121400, 0.705900
0.172700, 0.117200, 0.710100
0.173500, 0.114300, 0.712200
0.173600, 0.107300, 0.719100
0.176600, 0.103300, 0.720100
0.178800, 0.097300, 0.723900
0.179400, 0.092300, 0.728300
0.184300, 0.085600, 0.730100
0.187500, 0.080000, 0.732500
0.191400, 0.076200, 0.732400
0.196000, 0.069200, 0.734800
0.201300, 0.065600, 0.733100
0.208200, 0.060300, 0.731500
0.214500, 0.057300, 0.728200
0.218300, 0.053700, 0.728000
0.223500, 0.051200, 0.725300
0.227200, 0.049500, 0.723300
0.233300, 0.047400, 0.719300
0.238400, 0.044900, 0.716700
0.244300, 0.044000, 0.711700
0.250000, 0.040400, 0.709600
0.254800, 0.039600, 0.705600
0.258400, 0.039400, 0.702200
0.262500, 0.037300, 0.700200
0.268400, 0.036100, 0.695500
0.273300, 0.035000, 0.691700
0.279000, 0.033300, 0.687700
0.284600, 0.033200, 0.682200
0.289500, 0.032800, 0.677700
0.294000, 0.031100, 0.674900
0.297400, 0.030700, 0.671900
0.301100, 0.029400, 0.669500
0.306400, 0.029000, 0.664600
0.311500, 0.027400, 0.661100
0.315000, 0.026300, 0.658700
0.320000, 0.024900, 0.655100
0.325600, 0.024500, 0.649900
0.331200, 0.024300, 0.644500
0.335800, 0.023800, 0.640400
0.342900, 0.022800, 0.634300
0.348600, 0.022400, 0.629000
0.354800, 0.021800, 0.623400
0.359400, 0.021500, 0.619100
0.364700, 0.020500, 0.614800
0.368600, 0.020500, 0.610900
0.373600, 0.019300, 0.607100
0.377400, 0.019500, 0.603100
0.381100, 0.019700, 0.599200
0.383900, 0.019600, 0.596500
0.387500, 0.019200, 0.593300
0.392000, 0.018700, 0.589300
0.396500, 0.017200, 0.586300
0.400300, 0.017400, 0.582300
0.405800, 0.016800, 0.577400
0.410700, 0.015800, 0.573500
0.417100, 0.015200, 0.567700
0.421700, 0.014800, 0.563500
0.426000, 0.014600, 0.559400
0.431900, 0.014000, 0.554100
0.437000, 0.012800, 0.550200
0.441700, 0.012300, 0.546000
0.447600, 0.011400, 0.541000
0.452600, 0.011200, 0.536200
0.457800, 0.010900, 0.531300
0.462700, 0.010800, 0.526500
0.468000, 0.010700, 0.521300
0.472300, 0.010300, 0.517400
0.477300, 0.009500, 0.513200
0.481900, 0.009500, 0.508600
0.485600, 0.010200, 0.504200
0.489300, 0.010100, 0.500600
0.492100, 0.010500, 0.497400
0.495600, 0.010900, 0.493500
0.500000, 0.010800, 0.489200
0.503200, 0.010500, 0.486300
0.505900, 0.011000, 0.483100
0.509600, 0.010700, 0.479700
0.512400, 0.012000, 0.475600
0.515800, 0.012200, 0.472000
0.519600, 0.012100, 0.468300
0.522900, 0.011900, 0.465200
0.525100, 0.012600, 0.462300
0.527900, 0.012900, 0.459200
0.530300, 0.012800, 0.456900
0.530800, 0.014400, 0.454800
0.534200, 0.015100, 0.450700
0.535300, 0.016200, 0.448500
0.537800, 0.017000, 0.445200
0.540700, 0.016800, 0.442500
0.541500, 0.018600, 0.439900
0.543200, 0.018300, 0.438500
0.544700, 0.019200, 0.436100
0.547200, 0.018900, 0.433900
0.548500, 0.018900, 0.432600
0.551100, 0.018600, 0.430300
0.553500, 0.018600, 0.427900
0.555800, 0.019400, 0.424800
0.557000, 0.019400, 0.423600
0.557200, 0.022100, 0.420700
0.559800, 0.021100, 0.419100
0.561200, 0.021500, 0.417300
0.563100, 0.022300, 0.414600
0.564700, 0.023100, 0.412200
0.567400, 0.023500, 0.409100
0.569600, 0.023400, 0.407000
0.571000, 0.023100, 0.405900
0.573300, 0.023400, 0.403300
0.575200, 0.023900, 0.400900
0.575800, 0.025600, 0.398600
0.575400, 0.026900, 0.397700
0.576000, 0.028000, 0.396000
0.574100, 0.030100, 0.395800
0.573300, 0.031600, 0.395100
0.572500, 0.033400, 0.394100
0.571700, 0.034900, 0.393400
0.569500, 0.037500, 0.393000
0.570800, 0.037600, 0.391600
0.570700, 0.037300, 0.392000
0.569200, 0.039100, 0.391700
0.568600, 0.039000, 0.392400
0.567800, 0.040100, 0.392100
0.567200, 0.039300, 0.393500
0.567000, 0.038900, 0.394100
0.569100, 0.036900, 0.394000
0.569200, 0.036500, 0.394300
0.568800, 0.036100, 0.395100
0.568900, 0.034700, 0.396400
0.569400, 0.034600, 0.396000
0.568300, 0.035600, 0.396100
0.564900, 0.037900, 0.397200
0.563700, 0.040300, 0.396000
0.561900, 0.042200, 0.395900
0.559800, 0.042500, 0.397700
0.558800, 0.043600, 0.397600
0.559500, 0.042500, 0.398000
0.558900, 0.042800, 0.398300
0.556800, 0.043100, 0.400100
0.553400, 0.045200, 0.401400
0.551500, 0.045400, 0.403100
0.550100, 0.047200, 0.402700
0.548900, 0.048200, 0.402900
0.546500, 0.049700, 0.403800
0.542400, 0.051900, 0.405700
0.541900, 0.050800, 0.407300
0.539300, 0.054000, 0.406700
0.534800, 0.058200, 0.407000
0.530200, 0.060800, 0.409000
0.526000, 0.061200, 0.412800
0.522300, 0.062700, 0.415000
0.519300, 0.064500, 0.416200
0.513700, 0.068300, 0.418000
0.507400, 0.072400, 0.420200
0.501800, 0.076500, 0.421700
0.497600, 0.075500, 0.426900
0.491500, 0.075500, 0.433000
0.484400, 0.080000, 0.435600
0.477600, 0.085000, 0.437400
0.469800, 0.089400, 0.440800
0.459400, 0.094200, 0.446400
0.449900, 0.096800, 0.453300
0.442600, 0.098300, 0.459100
0.436200, 0.101200, 0.462600
0.429300, 0.103900, 0.466800
0.421200, 0.105900, 0.472900
0.414300, 0.106400, 0.479300
0.406100, 0.106600, 0.487300
0.399400, 0.107600, 0.493000
0.390400, 0.111400, 0.498200
0.381100, 0.113200, 0.505700
0.373800, 0.114300, 0.511900
0.368200, 0.113600, 0.518200
0.362500, 0.113200, 0.524300
0.353200, 0.117900, 0.528900
0.344200, 0.118300, 0.537500
0.335300, 0.121400, 0.543300
0.327300, 0.121300, 0.551400
0.319700, 0.118900, 0.561400
0.311900, 0.121400, 0.566700
0.302400, 0.124200, 0.573400
0.293700, 0.127300, 0.579000
0.287300, 0.128700, 0.584000
0.279900, 0.128800, 0.591300
0.271300, 0.127900, 0.600800
0.263700, 0.129200, 0.607100
0.258000, 0.128300, 0.613700
0.253800, 0.126500, 0.619700
0.248200, 0.126500, 0.625300
0.242900, 0.124800, 0.632300
0.236600, 0.124000, 0.639400
0.232900, 0.123400, 0.643700
0.228400, 0.122500, 0.649100
0.225600, 0.118900, 0.655500
0.219500, 0.119200, 0.661300
0.215600, 0.117200, 0.667200
0.210600, 0.116200, 0.673200
0.209900, 0.112500, 0.677600
0.209700, 0.110100, 0.680200
0.208700, 0.108200, 0.683100
0.210500, 0.104100, 0.685400
0.210600, 0.100400, 0.689000
0.213300, 0.093800, 0.692900
0.214200, 0.089200, 0.696600
0.217600, 0.082700, 0.699700
0.220700, 0.078100, 0.701200
0.223300, 0.074600, 0.702100
0.227600, 0.069700, 0.702700
0.230500, 0.065700, 0.703800
0.233700, 0.060900, 0.705400
0.236000, 0.058600, 0.705400
0.242100, 0.056200, 0.701700
0.246100, 0.052700, 0.701200
0.250000, 0.050500, 0.699500
0.254400, 0.048400, 0.697200
0.258000, 0.046300, 0.695700
0.264100, 0.043700, 0.692200
0.268200, 0.041600, 0.690200
0.273000, 0.040800, 0.686200
0.276700, 0.038900, 0.684400
0.281500, 0.036900, 0.681600
0.287200, 0.034800, 0.678000
0.291800, 0.033800, 0.674400
0.296700, 0.032100, 0.671200
0.301000, 0.031900, 0.667100
0.305800, 0.030100, 0.664100
0.309600, 0.028400, 0.662000
0.313400, 0.027800, 0.658800
0.319500, 0.027100, 0.653400
0.324200, 0.026600, 0.649200
0.328400, 0.025300, 0.646300
0.332300, 0.025200, 0.642500
0.337300, 0.024500, 0.638200
0.342300, 0.023300, 0.634400
0.346700, 0.023900, 0.629400
0.351000, 0.023100, 0.625900
0.356300, 0.022300, 0.621400
0.363100, 0.021200, 0.615700
0.368000, 0.021400, 0.610600
0.371900, 0.021300, 0.606800
0.377200, 0.020300, 0.602500
0.381700, 0.020100, 0.598200
0.385300, 0.020500, 0.594200
0.391700, 0.020500, 0.587800
0.395100, 0.020900, 0.584000
0.400000, 0.020600, 0.579400
0.403400, 0.020200, 0.576400
0.408500, 0.019200, 0.572300
0.413400, 0.019000, 0.567600
0.416700, 0.019300, 0.564000
0.420000, 0.020500, 0.559500
0.424900, 0.019500, 0.555600
0.428500, 0.019300, 0.552200
0.432100, 0.019400, 0.548500
0.435000, 0.020000, 0.545000
0.439900, 0.018900, 0.541200
0.441400, 0.019600, 0.539000
0.443900, 0.019500, 0.536600
0.447600, 0.019700, 0.532700
0.452900, 0.018900, 0.528200
0.456500, 0.017800, 0.525700
0.459800, 0.017300, 0.522900
0.462700, 0.017600, 0.519700
0.464900, 0.018300, 0.516800
0.467400, 0.018600, 0.514000
0.470500, 0.018200, 0.511300
0.473200, 0.019900, 0.506900
0.476700, 0.019800, 0.503500
0.479300, 0.019600, 0.501100
0.482100, 0.019700, 0.498200
0.482900, 0.021900, 0.495200
0.485900, 0.021900, 0.492200
0.488200, 0.021100, 0.490700
0.490700, 0.021100, 0.488200
0.493500, 0.020800, 0.485700
0.497300, 0.020800, 0.481900
0.500600, 0.020600, 0.478800
0.503900, 0.020500, 0.475600
0.507200, 0.021600, 0.471200
0.509700, 0.021900, 0.468400
0.513000, 0.021900, 0.465100
0.514000, 0.023200, 0.462800
0.516600, 0.023200, 0.460200
0.517500, 0.023900, 0.458600
0.517900, 0.025500, 0.456600
0.517500, 0.026500, 0.456000
0.517800, 0.027900, 0.454300
0.519100, 0.026800, 0.454100
0.519300, 0.028800, 0.451900
0.519200, 0.029800, 0.451000
0.520000, 0.030900, 0.449100
0.519400, 0.032200, 0.448400
0.520500, 0.032800, 0.446700
0.520800, 0.034100, 0.445100
0.519300, 0.036800, 0.443900
0.519400, 0.038600, 0.442000
0.517400, 0.040200, 0.442400
0.516700, 0.040300, 0.443000
0.514900, 0.043100, 0.442000
0.513300, 0.044700, 0.442000
0.511100, 0.047700, 0.441200
0.509900, 0.049100, 0.441000
0.509800, 0.049900, 0.440300
0.506600, 0.053600, 0.439800
0.503800, 0.056600, 0.439600
0.500100, 0.059400, 0.440500
0.493600, 0.064500, 0.441900
0.489000, 0.067500, 0.443500
0.482200, 0.071900, 0.445900
0.476300, 0.075000, 0.448700
0.469300, 0.078800, 0.451900
0.461800, 0.083700, 0.454500
0.456300, 0.086800, 0.456900
0.450400, 0.088600, 0.461000
0.445200, 0.090100, 0.464700
0.439300, 0.090000, 0.470700
0.435600, 0.090600, 0.473800
0.428900, 0.094000, 0.477100
0.425500, 0.095000, 0.479500
0.419800, 0.094600, 0.485600
0.415300, 0.095200, 0.489500
0.412300, 0.095900, 0.491800
0.410200, 0.094500, 0.495300
0.407800, 0.092400, 0.499800
0.404600, 0.091900, 0.503500
0.401300, 0.092000, 0.506700
0.397200, 0.092800, 0.510000
0.392300, 0.092800, 0.514900
0.388600, 0.093100, 0.518300
0.385600, 0.092600, 0.521800
0.382400, 0.092300, 0.525300
0.376900, 0.094900, 0.528200
0.372600, 0.094500, 0.532900
0.369900, 0.092500, 0.537600
0.365500, 0.092300, 0.542200
0.362600, 0.092600, 0.544800
0.358700, 0.093500, 0.547800
0.357000, 0.090900, 0.552100
0.355900, 0.090500, 0.553600
0.352800, 0.090000, 0.557200
0.349200, 0.089700, 0.561100
0.347000, 0.090500, 0.562500
0.343500, 0.091800, 0.564700
0.341800, 0.089000, 0.569200
0.336300, 0.090300, 0.573400
0.334300, 0.090300, 0.575400
0.329200, 0.091900, 0.578900
0.324900, 0.091400, 0.583700
0.322200, 0.089700, 0.588100
0.318300, 0.090600, 0.591100
0.316100, 0.089300, 0.594600
0.313700, 0.090300, 0.596000
0.310200, 0.091100, 0.598700
0.306100, 0.093000, 0.600900
0.302000, 0.094000, 0.604000
0.295200, 0.096200, 0.608600
0.288600, 0.098400, 0.613000
0.285200, 0.098100, 0.616700
0.277800, 0.100000, 0.622200
0.273600, 0.098100, 0.628300
0.269700, 0.098500, 0.631800
0.265000, 0.099800, 0.635200
0.260400, 0.100000, 0.639600
0.258300, 0.099800, 0.641900
0.257400, 0.097500, 0.645100
0.254900, 0.095300, 0.649800
0.254400, 0.091300, 0.654300
0.253500, 0.088700, 0.657800
0.254700, 0.087200, 0.658100
0.255600, 0.084100, 0.660300
0.257100, 0.081000, 0.661900
0.259600, 0.077700, 0.662700
0.262100, 0.074900, 0.663000
0.261700, 0.074500, 0.663800
0.261300, 0.074700, 0.664000
0.264800, 0.074100, 0.661100
0.265200, 0.071500, 0.663300
0.268000, 0.066600, 0.665400
0.270900, 0.063800, 0.665300
0.273500, 0.061200, 0.665300
0.277000, 0.058500, 0.664500
0.279700, 0.055600, 0.664700
0.281600, 0.053700, 0.664700
0.284200, 0.051000, 0.664800
0.286400, 0.049000, 0.664600
0.291200, 0.046500, 0.662300
0.294800, 0.044800, 0.660400
0.297500, 0.044200, 0.658300
0.299800, 0.044100, 0.656100
0.302600, 0.042300, 0.655100
0.305700, 0.041900, 0.652400
0.308100, 0.041100, 0.650800
0.312600, 0.039500, 0.647900
0.315600, 0.037700, 0.646700
0.320700, 0.035800, 0.643500
0.325100, 0.034300, 0.640600
0.327300, 0.034900, 0.637800
0.333000, 0.033200, 0.633800
0.335100, 0.031700, 0.633200
0.338000, 0.031300, 0.630700
0.342300, 0.029700, 0.628000
0.346300, 0.029300, 0.624400
0.350900, 0.029000, 0.620100
0.355600, 0.027300, 0.617100
0.359600, 0.027200, 0.613200
0.365100, 0.025800, 0.609100
0.368900, 0.025700, 0.605400
0.372900, 0.025000, 0.602100
0.376300, 0.024500, 0.599200
0.380300, 0.024700, 0.595000
0.382700, 0.024400, 0.592900
0.388000, 0.023700, 0.588300
0.392000, 0.024100, 0.583900
0.395500, 0.024000, 0.580500
0.400600, 0.024200, 0.575200
0.403200, 0.024000, 0.572800
0.405900, 0.023700, 0.570400
0.408200, 0.023700, 0.568100
0.411400, 0.023500, 0.565100
0.414900, 0.022900, 0.562200
0.418500, 0.022500, 0.559000
0.422500, 0.021700, 0.555800
0.426700, 0.021400, 0.551900
0.428500, 0.021300, 0.550200
0.431700, 0.020500, 0.547800
0.436700, 0.020600, 0.542700
0.438300, 0.020800, 0.540900
0.440900, 0.021300, 0.537800
0.443800, 0.020900, 0.535300
0.448500, 0.020100, 0.531400
0.451500, 0.021100, 0.527400
0.454100, 0.022100, 0.523800
0.458000, 0.021300, 0.520700
0.461000, 0.021500, 0.517500
0.462600, 0.021700, 0.515700
0.464000, 0.022300, 0.513700
0.466400, 0.022700, 0.510900
0.468100, 0.023500, 0.508400
0.470300, 0.024300, 0.505400
0.472300, 0.023400, 0.504300
0.476700, 0.023700, 0.499600
0.479100, 0.023700, 0.497200
0.480800, 0.025000, 0.494200
0.481600, 0.026300, 0.492100
0.482700, 0.027800, 0.489500
0.484400, 0.026800, 0.488800
0.488500, 0.026200, 0.485300
0.490600, 0.025700, 0.483700
0.493900, 0.026900, 0.479200
0.498500, 0.026100, 0.475400
0.501000, 0.025400, 0.473600
0.504000, 0.025200, 0.470800
0.506700, 0.025800, 0.467500
0.508400, 0.025800, 0.465800
0.510400, 0.026300, 0.463300
0.512500, 0.026400, 0.461100
0.514000, 0.026800, 0.459200
0.517000, 0.026500, 0.456500
0.518700, 0.027700, 0.453600
0.519500, 0.027400, 0.453100
0.521300, 0.026400, 0.452300
0.522100, 0.026900, 0.451000
0.522600, 0.027800, 0.449600
0.524000, 0.028200, 0.447800
0.525900, 0.028400, 0.445700
0.526500, 0.027500, 0.446000
0.527700, 0.027800, 0.444500
0.528400, 0.028600, 0.443000
0.529100, 0.029400, 0.441500
0.530900, 0.029700, 0.439400
0.533700, 0.029500, 0.436800
0.533200, 0.030600, 0.436200
0.535400, 0.030300, 0.434300
0.535600, 0.030900, 0.433500
0.536100, 0.032600, 0.431300
0.535600, 0.034300, 0.430100
0.534300, 0.038200, 0.427500
0.530600, 0.041300, 0.428100
0.527800, 0.043700, 0.428500
0.527800, 0.044000, 0.428200
0.527200, 0.045100, 0.427700
0.526300, 0.044900, 0.428800
0.525200, 0.046600, 0.428200
0.525700, 0.046200, 0.428100
0.525000, 0.046100, 0.428900
0.523900, 0.047200, 0.428900
0.523600, 0.047900, 0.428500
0.521800, 0.049500, 0.428700
0.519900, 0.051600, 0.428500
0.515500, 0.054400, 0.430100
0.513100, 0.056700, 0.430200
0.509800, 0.058600, 0.431600
0.508500, 0.059500, 0.432000
0.505500, 0.060400, 0.434100
0.504800, 0.060600, 0.434600
0.503200, 0.059900, 0.436900
0.501200, 0.060500, 0.438300
0.496300, 0.062300, 0.441400
0.493300, 0.062700, 0.444000
0.492100, 0.062700, 0.445200
0.488100, 0.063900, 0.448000
0.486600, 0.064200, 0.449200
0.483400, 0.063600, 0.453000
0.481100, 0.063100, 0.455800
0.478600, 0.063800, 0.457600
0.477700, 0.063800, 0.458500
0.477300, 0.064500, 0.458200
0.473800, 0.066300, 0.459900
0.471500, 0.067900, 0.460600
0.467200, 0.070700, 0.462100
0.463100, 0.071800, 0.465100
0.459800, 0.071700, 0.468500
0.457300, 0.072100, 0.470600
0.452400, 0.075400, 0.472200
0.447600, 0.077800, 0.474600
0.440800, 0.080600, 0.478600
0.436000, 0.082900, 0.481100
0.427400, 0.087700, 0.484900
0.420300, 0.091700, 0.488000
0.412300, 0.096100, 0.491600
0.402100, 0.100100, 0.497800
0.394200, 0.104700, 0.501100
0.383800, 0.109300, 0.506900
0.374300, 0.112600, 0.513100
0.364500, 0.116900, 0.518600
0.356500, 0.120800, 0.522700
0.346600, 0.122100, 0.531300
0.337500, 0.121600, 0.540900
0.328900, 0.121300, 0.549800
0.319800, 0.123700, 0.556500
0.312300, 0.124200, 0.563500
0.304900, 0.124400, 0.570700
0.295700, 0.126300, 0.578000
0.291100, 0.123300, 0.585600
0.287800, 0.121100, 0.591100
0.282100, 0.119800, 0.598100
0.276000, 0.119600, 0.604400
0.271400, 0.118800, 0.609800
0.264300, 0.118900, 0.616800
0.259100, 0.117000, 0.623900
0.250100, 0.119300, 0.630600
0.243300, 0.121600, 0.635100
0.237500, 0.122400, 0.640100
0.232900, 0.119200, 0.647900
0.229700, 0.115600, 0.654700
0.225800, 0.114500, 0.659700
0.223600, 0.109200, 0.667200
0.218600, 0.109400, 0.672000
0.217800, 0.106000, 0.676200
0.217700, 0.103800, 0.678500
0.216000, 0.100400, 0.683600
0.219400, 0.095300, 0.685300
0.221600, 0.091100, 0.687300
0.222500, 0.085500, 0.692000
0.224700, 0.084000, 0.691300
0.228200, 0.079100, 0.692700
0.232100, 0.074400, 0.693500
0.233900, 0.071400, 0.694700
0.237900, 0.067000, 0.695100
0.243100, 0.063400, 0.693500
0.246500, 0.061500, 0.692000
0.250600, 0.060100, 0.689300
0.252900, 0.058500, 0.688600
0.256500, 0.055700, 0.687800
0.260700, 0.052900, 0.686400
0.262300, 0.052600, 0.685100
0.265200, 0.050300, 0.684500
0.268700, 0.047100, 0.684200
0.272700, 0.043800, 0.683500
0.278100, 0.042200, 0.679700
0.282500, 0.041100, 0.676400
0.286200, 0.038600, 0.675200
0.291000, 0.035900, 0.673100
0.298100, 0.033200, 0.668700
0.303200, 0.031400, 0.665400
0.308500, 0.029900, 0.661600
0.314000, 0.029700, 0.656300
0.318900, 0.028800, 0.652300
0.323700, 0.027800, 0.648500
0.328000, 0.027000, 0.645000
0.333400, 0.026400, 0.640200
0.336800, 0.025800, 0.637400
0.342400, 0.025300, 0.632300
0.347500, 0.024400, 0.628100
0.353100, 0.023000, 0.623900
0.357100, 0.023100, 0.619800
0.359100, 0.023900, 0.617000
0.362800, 0.022700, 0.614500
0.366100, 0.022500, 0.611400
0.370200, 0.021800, 0.608000
0.374400, 0.021500, 0.604100
0.379400, 0.020600, 0.600000
0.382700, 0.020400, 0.596900
0.387800, 0.020500, 0.591700
0.393500, 0.019200, 0.587300
0.398200, 0.018900, 0.582900
0.402100, 0.018500, 0.579400
0.406800, 0.017900, 0.575300
0.412200, 0.017400, 0.570400
0.417900, 0.016200, 0.565900
0.423200, 0.015700, 0.561100
0.427400, 0.016500, 0.556100
0.431800, 0.016700, 0.551500
0.435200, 0.016900, 0.547900
0.440200, 0.017100, 0.542700
0.444200, 0.017500, 0.538300
0.449600, 0.016500, 0.533900
0.452400, 0.017800, 0.529800
0.456300, 0.018100, 0.525600
0.458900, 0.017600, 0.523500
0.463800, 0.017100, 0.519100
0.468800, 0.016200, 0.515000
0.473700, 0.016100, 0.510200
0.478000, 0.016000, 0.506000
0.479800, 0.017300, 0.502900
0.482600, 0.017600, 0.499800
0.486800, 0.016800, 0.496400
0.489400, 0.015600, 0.495000
0.494100, 0.015200, 0.490700
0.497900, 0.015400, 0.486700
0.500600, 0.015300, 0.484100
0.503500, 0.015700, 0.480800
0.506500, 0.016000, 0.477500
0.510200, 0.016100, 0.473700
0.512400, 0.017000, 0.470600
0.514500, 0.016600, 0.468900
0.517800, 0.016800, 0.465400
0.521000, 0.016700, 0.462300
0.524500, 0.017900, 0.457600
0.527900, 0.018100, 0.454000
0.529500, 0.019500, 0.451000
0.529500, 0.020100, 0.450400
0.530300, 0.022700, 0.447000
0.531300, 0.024200, 0.444500
0.532200, 0.026000, 0.441800
0.533400, 0.025700, 0.440900
0.535500, 0.027000, 0.437500
0.537600, 0.027200, 0.435200
0.538300, 0.028600, 0.433100
0.537100, 0.029800, 0.433100
0.536300, 0.031400, 0.432300
0.537000, 0.031900, 0.431100
0.537100, 0.032900, 0.430000
0.537200, 0.033900, 0.428900
0.536300, 0.036500, 0.427200
0.534700, 0.039500, 0.425800
0.533700, 0.040600, 0.425700
0.530400, 0.044500, 0.425100
0.528100, 0.046600, 0.425300
0.524800, 0.049100, 0.426100
0.520700, 0.052500, 0.426800
0.517100, 0.055900, 0.427000
0.515400, 0.056400, 0.428200
0.512700, 0.058700, 0.428600
0.511200, 0.059500, 0.429300
0.508000, 0.061700, 0.430300
0.505400, 0.062800, 0.431800
0.502800, 0.064100, 0.433100
0.500700, 0.065000, 0.434300
0.498500, 0.065600, 0.435900
0.496900, 0.064500, 0.438600
0.493100, 0.066200, 0.440700
0.490500, 0.066900, 0.442600
0.488200, 0.067000, 0.444800
0.486100, 0.067000, 0.446900
0.482500, 0.068700, 0.448800
0.480300, 0.067500, 0.452200
0.479500, 0.067200, 0.453300
0.477000, 0.068100, 0.454900
0.471500, 0.070500, 0.458000
0.466200, 0.074100, 0.459700
0.462500, 0.076100, 0.461400
0.458000, 0.076000, 0.466000
0.453500, 0.076900, 0.469600
0.447300, 0.079700, 0.473000
0.441400, 0.080700, 0.477900
0.437400, 0.080600, 0.482000
0.434700, 0.082700, 0.482600
0.431500, 0.083400, 0.485100
0.428400, 0.083500, 0.488100
0.424400, 0.084200, 0.491400
0.421200, 0.085700, 0.493100
0.415000, 0.086500, 0.498500
0.408200, 0.089300, 0.502500
0.403400, 0.088100, 0.508500
0.400300, 0.086400, 0.513300
0.396100, 0.085900, 0.518000
0.390600, 0.087200, 0.522200
0.386900, 0.087600, 0.525500
0.384000, 0.088000, 0.528000
0.381400, 0.087200, 0.531400
0.376100, 0.088900, 0.535000
0.372500, 0.088200, 0.539300
0.368000, 0.088900, 0.543100
0.363700, 0.091600, 0.544700
0.357800, 0.093000, 0.549200
0.350700, 0.094800, 0.554500
0.345200, 0.097000, 0.557800
0.339700, 0.099300, 0.561000
0.335900, 0.097500, 0.566600
0.331900, 0.096900, 0.571200
0.325500, 0.099700, 0.574800
0.321900, 0.096700, 0.581400
0.319300, 0.097300, 0.583400
0.316800, 0.095200, 0.588000
0.315000, 0.095700, 0.589300
0.312300, 0.093200, 0.594500
0.307700, 0.094000, 0.598300
0.305400, 0.093200, 0.601400
0.303100, 0.091600, 0.605300
0.301800, 0.090900, 0.607300
0.301400, 0.090900, 0.607700
0.298400, 0.091700, 0.609900
0.299400, 0.089000, 0.611600
0.297600, 0.087800, 0.614600
0.298000, 0.084700, 0.617300
0.299100, 0.084000, 0.616900
0.299400, 0.081600, 0.619000
0.299000, 0.079500, 0.621500
0.297500, 0.081900, 0.620600
0.295800, 0.081200, 0.623000
0.294600, 0.079400, 0.626000
0.294100, 0.077900, 0.628000
0.296000, 0.073100, 0.630900
0.297300, 0.071100, 0.631600
0.300000, 0.067400, 0.632600
0.302600, 0.065300, 0.632100
0.306000, 0.061900, 0.632100
0.306900, 0.061400, 0.631700
0.309400, 0.058300, 0.632300
0.310600, 0.056200, 0.633200
0.314100, 0.055000, 0.630900
0.317000, 0.053500, 0.629500
0.319300, 0.052800, 0.627900
0.322000, 0.052400, 0.625600
0.324200, 0.051000, 0.624800
0.326200, 0.050500, 0.623300
0.328700, 0.049300, 0.622000
0.331400, 0.049200, 0.619400
0.334300, 0.048100, 0.617600
0.337500, 0.046400, 0.616100
0.339500, 0.046700, 0.613800
0.338900, 0.049400, 0.611700
0.340600, 0.049900, 0.609500
0.340500, 0.050500, 0.609000
0.340100, 0.051100, 0.608800
0.339100, 0.052100, 0.608800
0.337600, 0.053500, 0.608900
0.337300, 0.054400, 0.608300
0.339000, 0.053400, 0.607600
0.339800, 0.052800, 0.607400
0.338800, 0.052800, 0.608400
0.340800, 0.052400, 0.606800
0.342200, 0.053000, 0.604800
0.344300, 0.052700, 0.603000
0.344500, 0.051500, 0.604000
0.346200, 0.052000, 0.601800
0.346300, 0.051700, 0.602000
0.349600, 0.050300, 0.600100
0.350500, 0.049100, 0.600400
0.352900, 0.048200, 0.598900
0.355500, 0.047600, 0.596900
0.359300, 0.045500, 0.595200
0.361000, 0.044700, 0.594300
0.364700, 0.042600, 0.592700
0.368100, 0.040800, 0.591100
0.370100, 0.040200, 0.589700
0.372500, 0.039200, 0.588300
0.376200, 0.037600, 0.586200
0.379300, 0.036800, 0.583900
0.382900, 0.035400, 0.581700
0.386200, 0.033700, 0.580100
0.390100, 0.033000, 0.576900
0.390500, 0.033900, 0.575600
0.392000, 0.032800, 0.575200
0.392600, 0.034400, 0.573000
0.394000, 0.035800, 0.570200
0.397700, 0.035000, 0.567300
0.399500, 0.036000, 0.564500
0.401700, 0.035400, 0.562900
0.405400, 0.035500, 0.559100
0.407600, 0.035500, 0.556900
0.410400, 0.034500, 0.555100
0.413800, 0.033400, 0.552800
0.417300, 0.033000, 0.549700
0.421300, 0.031800, 0.546900
0.423900, 0.031800, 0.544300
0.426900, 0.030300, 0.542800
0.428500, 0.031000, 0.540500
0.431500, 0.029600, 0.538900
0.434300, 0.029600, 0.536100
0.436600, 0.030100, 0.533300
0.438600, 0.030500, 0.530900
0.441700, 0.030100, 0.528200
0.445600, 0.029400, 0.525000
0.448700, 0.029500, 0.521800
0.450000, 0.028500, 0.521500
0.452100, 0.029100, 0.518800
0.453300, 0.029700, 0.517000
0.453200, 0.030600, 0.516200
0.454300, 0.032600, 0.513100
0.456100, 0.032000, 0.511900
0.456700, 0.033000, 0.510300
0.458100, 0.033000, 0.508900
0.459900, 0.033000, 0.507100
0.462400, 0.033200, 0.504400
0.465300, 0.031100, 0.503600
0.467200, 0.030400, 0.502400
0.468500, 0.031000, 0.500500
0.470400, 0.031000, 0.498600
0.472800, 0.032100, 0.495100
0.475700, 0.031000, 0.493300
0.479000, 0.029800, 0.491200
0.480200, 0.028400, 0.491400
0.481600, 0.029200, 0.489200
0.484100, 0.028500, 0.487400
0.484500, 0.029000, 0.486500
0.487500, 0.029900, 0.482600
0.489400, 0.031300, 0.479300
0.489800, 0.030500, 0.479700
0.491700, 0.030400, 0.477900
0.492900, 0.031300, 0.475800
0.493200, 0.031200, 0.475600
0.495700, 0.031200, 0.473100
0.496000, 0.031400, 0.472600
0.498800, 0.031200, 0.470000
0.501800, 0.029900, 0.468300
0.503300, 0.031700, 0.465000
0.506400, 0.030300, 0.463300
0.508500, 0.029100, 0.462400
0.509600, 0.030300, 0.460100
0.509400, 0.032800, 0.457800
0.509700, 0.034700, 0.455600
0.510100, 0.035700, 0.454200
0.511300, 0.036200, 0.452500
0.511800, 0.036200, 0.452000
0.512200, 0.037700, 0.450100
0.511300, 0.039900, 0.448800
0.511700, 0.041100, 0.447200
0.511100, 0.041400, 0.447500
0.508700, 0.044000, 0.447300
0.508600, 0.044200, 0.447200
0.506800, 0.044700, 0.448500
0.505500, 0.046000, 0.448500
0.505200, 0.046000, 0.448800
0.503200, 0.048700, 0.448100
0.503200, 0.048900, 0.447900
0.501300, 0.050800, 0.447900
0.498600, 0.052600, 0.448800
0.493900, 0.056100, 0.450000
0.490100, 0.056100, 0.453800
0.488200, 0.059400, 0.452400
0.485600, 0.059700, 0.454700
0.479100, 0.063900, 0.457000
0.474100, 0.067200, 0.458700
0.468600, 0.070600, 0.460800
0.462200, 0.074600, 0.463200
0.459500, 0.075500, 0.465000
0.456500, 0.075300, 0.468200
0.452900, 0.075100, 0.472000
0.450600, 0.075000, 0.474400
0.447000, 0.075600, 0.477400
0.443400, 0.077700, 0.478900
0.441400, 0.078300, 0.480300
0.441300, 0.075500, 0.483200
0.438400, 0.074100, 0.487500
0.435000, 0.074500, 0.490500
0.431400, 0.075500, 0.493100
0.430400, 0.073500, 0.496100
0.425400, 0.073900, 0.500700
0.424100, 0.074400, 0.501500
0.421100, 0.074100, 0.504800
0.418600, 0.075300, 0.506100
0.414600, 0.075600, 0.509800
0.411600, 0.076600, 0.511800
0.408500, 0.076000, 0.515500
0.405300, 0.075800, 0.518900
0.402000, 0.076900, 0.521100
0.399500, 0.078700, 0.521800
0.394800, 0.080500, 0.524700
0.394000, 0.076900, 0.529100
0.392200, 0.077400, 0.530400
0.389800, 0.078600, 0.531600
0.383800, 0.078900, 0.537300
0.380800, 0.079200, 0.540000
0.378600, 0.081000, 0.540400
0.373300, 0.082300, 0.544400
0.372000, 0.080400, 0.547600
0.368900, 0.081400, 0.549700
0.365100, 0.081900, 0.553000
0.364500, 0.081500, 0.554000
0.363500, 0.082400, 0.554100
0.360800, 0.083500, 0.555700
0.355500, 0.086300, 0.558200
0.350400, 0.088400, 0.561200
0.346700, 0.089600, 0.563700
0.344300, 0.088000, 0.567700
0.343200, 0.086800, 0.570000
0.338700, 0.087400, 0.573900
0.335900, 0.085900, 0.578200
0.334600, 0.084000, 0.581400
0.331000, 0.084400, 0.584600
0.328700, 0.083300, 0.588000
0.325200, 0.082700, 0.592100
0.324500, 0.080400, 0.595100
0.323100, 0.077800, 0.599100
0.325100, 0.075800, 0.599100
0.324800, 0.075200, 0.600000
0.322800, 0.075400, 0.601800
0.322600, 0.075800, 0.601600
0.320800, 0.074100, 0.605100
0.320300, 0.072600, 0.607100
0.321700, 0.071700, 0.606600
0.321300, 0.071500, 0.607200
0.322200, 0.071300, 0.606500
0.323400, 0.070100, 0.606500
0.323500, 0.068900, 0.607600
0.324100, 0.068800, 0.607100
0.325300, 0.068000, 0.606700
0.322700, 0.069200, 0.608100
0.320100, 0.070000, 0.609900
0.319300, 0.069400, 0.611300
0.318800, 0.068000, 0.613200
0.320600, 0.067200, 0.612200
0.321000, 0.067700, 0.611300
0.320100, 0.067300, 0.612600
0.320900, 0.066600, 0.612500
0.322900, 0.064900, 0.612200
0.323800, 0.063500, 0.612700
0.326600, 0.059400, 0.614000
0.327100, 0.057200, 0.615700
0.330500, 0.054500, 0.615000
0.333500, 0.053600, 0.612900
0.336400, 0.051900, 0.611700
0.339300, 0.052800, 0.607900
0.340700, 0.051900, 0.607400
0.341700, 0.050000, 0.608300
0.343100, 0.048100, 0.608800
0.345800, 0.047700, 0.606500
0.346500, 0.047800, 0.605700
0.347300, 0.048000, 0.604700
0.346900, 0.049400, 0.603700
0.347200, 0.050700, 0.602100
0.349500, 0.049300, 0.601200
0.351100, 0.049800, 0.599100
0.353200, 0.049100, 0.597700
0.355600, 0.047100, 0.597300
0.359100, 0.045400, 0.595500
0.359500, 0.044600, 0.595900
0.362600, 0.043400, 0.594000
0.365300, 0.042600, 0.592100
0.368200, 0.041100, 0.590700
0.370700, 0.041200, 0.588100
0.373000, 0.039200, 0.587800
0.375600, 0.037100, 0.587300
0.379600, 0.036600, 0.583800
0.382000, 0.036500, 0.581500
0.384600, 0.035500, 0.579900
0.388100, 0.034600, 0.577300
0.391500, 0.033600, 0.574900
0.394500, 0.033600, 0.571900
0.398900, 0.032700, 0.568400
0.402900, 0.031500, 0.565600
0.407100, 0.030000, 0.562900
0.408700, 0.029500, 0.561800
0.412400, 0.029000, 0.558600
0.414900, 0.030300, 0.554800
0.417000, 0.029400, 0.553600
0.422200, 0.029100, 0.548700
0.426000, 0.029400, 0.544600
0.429800, 0.029900, 0.540300
0.431900, 0.030500, 0.537600
0.434000, 0.030900, 0.535100
0.435600, 0.030500, 0.533900
0.439200, 0.030400, 0.530400
0.440300, 0.031800, 0.527900
0.442300, 0.032800, 0.524900
0.443400, 0.033200, 0.523400
0.445300, 0.032400, 0.522300
0.445200, 0.033700, 0.521100
0.447000, 0.033000, 0.520000
0.447600, 0.035000, 0.517400
0.449400, 0.034700, 0.515900
0.450700, 0.035600, 0.513700
0.451800, 0.035800, 0.512400
0.451900, 0.036400, 0.511700
0.452000, 0.036400, 0.511600
0.454400, 0.035100, 0.510500
0.457300, 0.035900, 0.506800
0.458400, 0.036000, 0.505600
0.458900, 0.035200, 0.505900
0.459800, 0.034700, 0.505500
0.462200, 0.034900, 0.502900
0.465000, 0.033900, 0.501100
0.468000, 0.033900, 0.498100
0.468300, 0.033500, 0.498200
0.470900, 0.032500, 0.496600
0.472600, 0.032900, 0.494500
0.474900, 0.032100, 0.493000
0.474800, 0.031100, 0.494100
0.476600, 0.030300, 0.493100
0.477400, 0.030100, 0.492500
0.480300, 0.029000, 0.490700
0.481500, 0.028900, 0.489600
0.484000, 0.028700, 0.487300
0.486000, 0.028700, 0.485300
0.488400, 0.028600, 0.483000
0.490900, 0.028200, 0.480900
0.494800, 0.028500, 0.476700
0.496700, 0.028600, 0.474700
0.498300, 0.027800, 0.473900
0.500900, 0.028700, 0.470400
0.501900, 0.028700, 0.469400
0.502400, 0.029100, 0.468500
0.504300, 0.029800, 0.465900
0.503300, 0.030900, 0.465800
0.504200, 0.032100, 0.463700
0.505900, 0.032000, 0.462100
0.505800, 0.033200, 0.461000
0.507300, 0.034800, 0.457900
0.507400, 0.034700, 0.457900
0.507200, 0.035100, 0.457700
0.506400, 0.036400, 0.457200
0.508300, 0.036400, 0.455300
0.510300, 0.037300, 0.452400
0.510900, 0.035900, 0.453200
0.510700, 0.036200, 0.453100
0.512300, 0.036200, 0.451500
0.513500, 0.036800, 0.449700
0.513600, 0.037700, 0.448700
0.513100, 0.040100, 0.446800
0.514700, 0.040000, 0.445300
0.514200, 0.041800, 0.444000
0.512900, 0.042800, 0.444300
0.512200, 0.042600, 0.445200
0.512400, 0.043100, 0.444500
0.509900, 0.045100, 0.445000
0.509000, 0.044800, 0.446200
0.508600, 0.045300, 0.446100
0.510000, 0.044800, 0.445200
0.507700, 0.046800, 0.445500
0.507300, 0.048200, 0.444500
0.506100, 0.050500, 0.443400
0.506400, 0.050700, 0.442900
0.503900, 0.053500, 0.442600
0.502100, 0.054000, 0.443900
0.499000, 0.054000, 0.447000
0.496800, 0.054200, 0.449000
0.493000, 0.057400, 0.449600
0.489700, 0.059800, 0.450500
0.484500, 0.063300, 0.452200
0.479200, 0.064900, 0.455900
0.475400, 0.067000, 0.457600
0.471600, 0.070100, 0.458300
0.465800, 0.072000, 0.462200
0.459100, 0.074800, 0.466100
0.454700, 0.077000, 0.468300
0.448100, 0.081700, 0.470200
0.440500, 0.086000, 0.473500
0.433800, 0.089400, 0.476800
0.425600, 0.093400, 0.481000
0.415300, 0.097500, 0.487200
0.404700, 0.101400, 0.493900
0.394900, 0.105100, 0.500000
0.386500, 0.108100, 0.505400
0.379800, 0.112100, 0.508100
0.373500, 0.111500, 0.515000
0.363600, 0.117700, 0.518700
0.355600, 0.118100, 0.526300
0.348200, 0.119900, 0.531900
0.340900, 0.119400, 0.539700
0.332900, 0.121100, 0.546000
0.324500, 0.122900, 0.552600
0.316700, 0.123200, 0.560100
0.310000, 0.124400, 0.565600
0.304700, 0.124000, 0.571300
0.299900, 0.119800, 0.580300
0.297000, 0.115800, 0.587200
0.294000, 0.114200, 0.591800
0.289300, 0.115300, 0.595400
0.286700, 0.112500, 0.600800
0.282500, 0.111900, 0.605600
0.281200, 0.105100, 0.613700
0.281500, 0.101900, 0.616600
0.279900, 0.100200, 0.619900
0.279000, 0.097100, 0.623900
0.277700, 0.093700, 0.628600
0.280100, 0.088000, 0.631900
0.282200, 0.082600, 0.635200
0.282700, 0.080600, 0.636700
0.285100, 0.076600, 0.638300
0.285900, 0.075900, 0.638200
0.287700, 0.074800, 0.637500
0.288500, 0.073300, 0.638200
0.288900, 0.073200, 0.637900
0.288200, 0.073100, 0.638700
0.289400, 0.071300, 0.639300
0.290300, 0.069800, 0.639900
0.292700, 0.067300, 0.640000
0.294100, 0.065900, 0.640000
0.295600, 0.065200, 0.639200
0.297200, 0.064700, 0.638100
0.297200, 0.065000, 0.637800
0.297500, 0.064000, 0.638500
0.298800, 0.064100, 0.637100
0.299800, 0.062200, 0.638000
0.301800, 0.061100, 0.637100
0.302700, 0.059200, 0.638100
0.304000, 0.059400, 0.636600
0.304900, 0.057900, 0.637200
0.307700, 0.056100, 0.636200
0.311000, 0.054000, 0.635000
0.312500, 0.053600, 0.633900
0.313300, 0.053400, 0.633300
0.315000, 0.054300, 0.630700
0.316900, 0.054100, 0.629000
0.319300, 0.052600, 0.628100
0.321900, 0.051600, 0.626500
0.324700, 0.049900, 0.625400
0.327500, 0.048800, 0.623700
0.329800, 0.047700, 0.622500
0.331500, 0.046800, 0.621700
0.333300, 0.048000, 0.618700
0.334300, 0.046400, 0.619300
0.337000, 0.045700, 0.617300
0.337400, 0.047400, 0.615200
0.340500, 0.046600, 0.612900
0.345200, 0.043600, 0.611200
0.347500, 0.041800, 0.610700
0.350800, 0.039700, 0.609500
0.356300, 0.036800, 0.606900
0.360400, 0.034600, 0.605000
0.364600, 0.033600, 0.601800
0.370000, 0.032700, 0.597300
0.374200, 0.031900, 0.593900
0.377500, 0.030200, 0.592300
0.380600, 0.029600, 0.589800
0.383500, 0.028000, 0.588500
0.387700, 0.028000, 0.584300
0.392700, 0.026500, 0.580800
0.395600, 0.026400, 0.578000
0.398500, 0.025600, 0.575900
0.401900, 0.025200, 0.572900
0.407900, 0.023600, 0.568500
0.413800, 0.024000, 0.562200
0.416100, 0.025600, 0.558300
0.418100, 0.025400, 0.556500
0.420200, 0.026700, 0.553100
0.424200, 0.026200, 0.549600
0.425600, 0.026300, 0.548100
0.427100, 0.026300, 0.546600
0.428100, 0.026200, 0.545700
0.431200, 0.026200, 0.542600
0.434500, 0.026700, 0.538800
0.436400, 0.026900, 0.536700
0.438600, 0.026400, 0.535000
0.440400, 0.026800, 0.532800
0.443700, 0.027600, 0.528700
0.446300, 0.027900, 0.525800
0.449500, 0.027000, 0.523500
0.452800, 0.026700, 0.520500
0.456300, 0.026200, 0.517500
0.459300, 0.025900, 0.514800
