0.000000, 0.000000, 0.000000
0.182700, 0.438900, 0.378400
0.105500, 0.467400, 0.427100
0.063800, 0.466500, 0.469700
0.045800, 0.443300, 0.510900
0.038800, 0.414500, 0.546700
0.034800, 0.387200, 0.578000
0.033900, 0.358200, 0.607900
0.033600, 0.331700, 0.634700
0.035800, 0.306200, 0.658000
0.037400, 0.282500, 0.680100
0.037200, 0.263100, 0.699700
0.040900, 0.241600, 0.717500
0.044100, 0.223600, 0.732300
0.047800, 0.206400, 0.745800
0.050000, 0.192200, 0.757800
0.053900, 0.178400, 0.767700
0.057900, 0.166400, 0.775700
0.061900, 0.154900, 0.783200
0.067000, 0.145500, 0.787500
0.071000, 0.137300, 0.791700
0.073100, 0.129500, 0.797400
0.078600, 0.120400, 0.801000
0.084000, 0.114100, 0.801900
0.088600, 0.107700, 0.803700
0.093600, 0.102900, 0.803500
0.097700, 0.097800, 0.804500
0.101700, 0.091700, 0.806600
0.106300, 0.086200, 0.807500
0.111900, 0.079900, 0.808200
0.118700, 0.075000, 0.806300
0.122700, 0.071800, 0.805500
0.126600, 0.068600, 0.804800
0.133400, 0.064800, 0.801800
0.139900, 0.060900, 0.799200
0.143500, 0.059100, 0.797400
0.148000, 0.056000, 0.796000
0.155700, 0.054900, 0.789400
0.162300, 0.052500, 0.785200
0.167400, 0.049300, 0.783300
0.172300, 0.047000, 0.780700
0.177900, 0.044600, 0.777500
0.184000, 0.041500, 0.774500
0.190000, 0.038900, 0.771100
0.197200, 0.036500, 0.766300
0.203800, 0.034500, 0.761700
0.210200, 0.033100, 0.756700
0.215500, 0.032100, 0.752400
0.221800, 0.031100, 0.747100
0.226700, 0.029800, 0.743500
0.233500, 0.028700, 0.737800
0.239500, 0.028700, 0.731800
0.244100, 0.028700, 0.727200
0.250600, 0.026200, 0.723200
0.255900, 0.026100, 0.718000
0.261700, 0.024000, 0.714300
0.267300, 0.022600, 0.710100
0.272600, 0.021500, 0.705900
0.278000, 0.020100, 0.701900
0.284500, 0.018800, 0.696700
0.289400, 0.018300, 0.692300
0.295600, 0.018000, 0.686400
0.302000, 0.017200, 0.680800
0.307800, 0.015900, 0.676300
0.315800, 0.015000, 0.669200
0.321200, 0.013400, 0.665400
0.328800, 0.012500, 0.658700
0.333600, 0.011700, 0.654700
0.339800, 0.011100, 0.649100
0.345400, 0.010500, 0.644100
0.351700, 0.009900, 0.638400
0.358500, 0.009800, 0.631700
0.365300, 0.009900, 0.624800
0.372800, 0.009500, 0.617700
0.379500, 0.009100, 0.611400
0.384400, 0.009100, 0.606500
0.389500, 0.008900, 0.601600
0.396200, 0.008800, 0.595000
0.402300, 0.008400, 0.589300
0.407200, 0.008600, 0.584200
0.414400, 0.008000, 0.577600
0.418800, 0.008000, 0.573200
0.424100, 0.007400, 0.568500
0.429800, 0.007000, 0.563200
0.435900, 0.006300, 0.557800
0.441500, 0.006500, 0.552000
0.447400, 0.006000, 0.546600
0.452700, 0.006000, 0.541300
0.458200, 0.005800, 0.536000
0.463800, 0.005600, 0.530600
0.468100, 0.005800, 0.526100
0.472400, 0.005500, 0.522100
0.477200, 0.005200, 0.517600
0.482200, 0.005200, 0.512600
0.486500, 0.005000, 0.508500
0.491200, 0.005300, 0.503500
0.495600, 0.004700, 0.499700
0.499900, 0.004400, 0.495700
0.505700, 0.004000, 0.490300
0.510300, 0.004200, 0.485500
0.513400, 0.004500, 0.482100
0.519800, 0.004700, 0.475500
0.523700, 0.004400, 0.471900
0.528400, 0.004400, 0.467200
0.531400, 0.004400, 0.464200
0.536100, 0.004300, 0.459600
0.539200, 0.004500, 0.456300
0.543600, 0.004100, 0.452300
0.548300, 0.004100, 0.447600
0.551700, 0.004400, 0.443900
0.557600, 0.004300, 0.438100
0.563500, 0.003900, 0.432600
0.568700, 0.004300, 0.427000
0.574700, 0.004300, 0.421000
0.578100, 0.004200, 0.417700
0.582200, 0.004700, 0.413100
0.585200, 0.004400, 0.410400
0.589000, 0.004400, 0.406600
0.591600, 0.004700, 0.403700
0.594900, 0.005000, 0.400100
0.599500, 0.004900, 0.395600
0.603400, 0.005000, 0.391600
0.607200, 0.004700, 0.388100
0.610800, 0.004800, 0.384400
0.613500, 0.004500, 0.382000
0.615700, 0.004900, 0.379400
0.619500, 0.004800, 0.375700
0.621300, 0.005300, 0.373400
0.623100, 0.005600, 0.371300
0.625800, 0.005500, 0.368700
0.628800, 0.005600, 0.365600
0.632300, 0.005400, 0.362300
0.633500, 0.006800, 0.359700
0.635500, 0.007000, 0.357500
0.637600, 0.007500, 0.354900
0.641200, 0.007800, 0.351000
0.643300, 0.007700, 0.349000
0.644000, 0.008600, 0.347400
0.645100, 0.010900, 0.344000
0.646900, 0.012200, 0.340900
0.647500, 0.013700, 0.338800
0.647500, 0.015900, 0.336600
0.648200, 0.016600, 0.335200
0.650300, 0.017200, 0.332500
0.650400, 0.018600, 0.331000
0.650700, 0.020300, 0.329000
0.651900, 0.020800, 0.327300
0.651800, 0.021500, 0.326700
0.652000, 0.022200, 0.325800
0.653000, 0.022300, 0.324700
0.654200, 0.020500, 0.325300
0.656100, 0.020200, 0.323700
0.657100, 0.020600, 0.322300
0.658600, 0.021200, 0.320200
0.659300, 0.022200, 0.318500
0.660400, 0.022500, 0.317100
0.661600, 0.022800, 0.315600
0.660500, 0.023200, 0.316300
0.662600, 0.023300, 0.314100
0.663300, 0.023400, 0.313300
0.663300, 0.022900, 0.313800
0.663600, 0.023200, 0.313200
0.664100, 0.023200, 0.312700
0.664500, 0.023800, 0.311700
0.665700, 0.024100, 0.310200
0.665500, 0.025300, 0.309200
0.666100, 0.026400, 0.307500
0.666800, 0.026800, 0.306400
0.664700, 0.029400, 0.305900
0.663200, 0.030800, 0.306000
0.659700, 0.033100, 0.307200
0.658000, 0.034700, 0.307300
0.657500, 0.035300, 0.307200
0.656600, 0.034900, 0.308500
0.656000, 0.036100, 0.307900
0.653400, 0.037200, 0.309400
0.653000, 0.036000, 0.311000
0.649100, 0.038500, 0.312400
0.646100, 0.039000, 0.314900
0.644300, 0.041500, 0.314200
0.643000, 0.043800, 0.313200
0.638700, 0.046900, 0.314400
0.636200, 0.047700, 0.316100
0.633600, 0.050100, 0.316300
0.627200, 0.053000, 0.319800
0.621700, 0.054800, 0.323500
0.614300, 0.057100, 0.328600
0.607600, 0.060600, 0.331800
0.600300, 0.064200, 0.335500
0.594500, 0.067200, 0.338300
0.589700, 0.068600, 0.341700
0.580200, 0.072400, 0.347400
0.571100, 0.076100, 0.352800
0.562000, 0.079400, 0.358600
0.550400, 0.085400, 0.364200
0.541500, 0.088700, 0.369800
0.534400, 0.091900, 0.373700
0.524700, 0.093500, 0.381800
0.515200, 0.094600, 0.390200
0.506400, 0.098400, 0.395200
0.493300, 0.104300, 0.402400
0.479600, 0.107700, 0.412700
0.469300, 0.110800, 0.419900
0.456600, 0.114000, 0.429400
0.443800, 0.119400, 0.436800
0.429500, 0.125100, 0.445400
0.417100, 0.128700, 0.454200
0.404800, 0.132800, 0.462400
0.392700, 0.135100, 0.472200
0.383500, 0.134500, 0.482000
0.368400, 0.137200, 0.494400
0.357900, 0.137300, 0.504800
0.346300, 0.135600, 0.518100
0.333800, 0.137100, 0.529100
0.323800, 0.139400, 0.536800
0.312700, 0.142000, 0.545300
0.300700, 0.145100, 0.554200
0.290800, 0.144700, 0.564500
0.281200, 0.144800, 0.574000
0.269400, 0.147100, 0.583500
0.257500, 0.148300, 0.594200
0.243600, 0.152600, 0.603800
0.228200, 0.156900, 0.614900
0.217500, 0.160200, 0.622300
0.206500, 0.160000, 0.633500
0.201500, 0.158100, 0.640400
0.192300, 0.158500, 0.649200
0.187500, 0.156900, 0.655600
0.181600, 0.156600, 0.661800
0.178100, 0.151600, 0.670300
0.177100, 0.145100, 0.677800
0.174500, 0.140700, 0.684800
0.174800, 0.134000, 0.691200
0.175400, 0.126300, 0.698300
0.177200, 0.117700, 0.705100
0.179100, 0.112000, 0.708900
0.185700, 0.103500, 0.710800
0.188800, 0.097500, 0.713700
0.192900, 0.092300, 0.714800
0.196800, 0.087700, 0.715500
0.200200, 0.082900, 0.716900
0.203500, 0.078500, 0.718000
0.206900, 0.074100, 0.719000
0.212200, 0.070800, 0.717000
0.216800, 0.066600, 0.716600
0.221800, 0.062000, 0.716200
0.228000, 0.058000, 0.714000
0.232300, 0.055400, 0.712300
0.237100, 0.051200, 0.711700
0.242900, 0.047000, 0.710100
0.247100, 0.043500, 0.709400
0.252300, 0.041700, 0.706000
0.257800, 0.040800, 0.701400
0.264900, 0.038000, 0.697100
0.269800, 0.036500, 0.693700
0.275200, 0.034600, 0.690200
0.280400, 0.033000, 0.686600
0.285000, 0.031800, 0.683200
0.290100, 0.031400, 0.678500
0.294800, 0.030100, 0.675100
0.301500, 0.028400, 0.670100
0.309800, 0.027300, 0.662900
0.314600, 0.025400, 0.660000
0.321600, 0.023300, 0.655100
0.326400, 0.022400, 0.651200
0.330500, 0.021400, 0.648100
0.335100, 0.021000, 0.643900
0.341300, 0.019200, 0.639500
0.345500, 0.018600, 0.635900
0.350100, 0.018000, 0.631900
0.356000, 0.017300, 0.626700
0.361200, 0.016600, 0.622200
0.367400, 0.016300, 0.616300
0.372300, 0.015100, 0.612600
0.377800, 0.013900, 0.608300
0.382600, 0.013100, 0.604300
0.389500, 0.012300, 0.598200
0.394700, 0.011600, 0.593700
0.401200, 0.011100, 0.587700
0.406600, 0.010700, 0.582700
0.411600, 0.010600, 0.577800
0.417400, 0.010000, 0.572600
0.422800, 0.009600, 0.567600
0.427800, 0.009200, 0.563000
0.433100, 0.009100, 0.557800
0.439800, 0.008000, 0.552200
0.445300, 0.007400, 0.547300
0.450500, 0.007300, 0.542200
0.455800, 0.007200, 0.537000
0.460900, 0.006700, 0.532400
0.465600, 0.007000, 0.527400
0.471300, 0.006900, 0.521800
0.476300, 0.007100, 0.516600
0.481800, 0.006700, 0.511500
0.485800, 0.006300, 0.507900
0.489500, 0.005800, 0.504700
0.494300, 0.005600, 0.500100
0.499300, 0.006000, 0.494700
0.504700, 0.006000, 0.489300
0.509900, 0.005600, 0.484500
0.514800, 0.005400, 0.479800
0.518100, 0.005500, 0.476400
0.522700, 0.005700, 0.471600
0.527200, 0.005300, 0.467500
0.530000, 0.006800, 0.463200
0.532700, 0.008000, 0.459300
0.535900, 0.009000, 0.455100
0.537500, 0.010600, 0.451900
0.541100, 0.011700, 0.447200
0.541900, 0.012900, 0.445200
0.543400, 0.013300, 0.443300
0.544700, 0.014500, 0.440800
0.547000, 0.015800, 0.437200
0.548100, 0.016600, 0.435300
0.548000, 0.018300, 0.433700
0.548200, 0.020700, 0.431100
0.548000, 0.020600, 0.431400
0.548300, 0.021500, 0.430200
0.547600, 0.024600, 0.427800
0.548100, 0.025300, 0.426600
0.549800, 0.025900, 0.424300
0.548400, 0.027800, 0.423800
0.548700, 0.027500, 0.423800
0.547400, 0.029300, 0.423300
0.545600, 0.031300, 0.423100
0.544600, 0.033300, 0.422100
0.545300, 0.034300, 0.420400
0.544100, 0.033700, 0.422200
0.543900, 0.034200, 0.421900
0.543600, 0.034800, 0.421600
0.542600, 0.035700, 0.421700
0.544500, 0.034000, 0.421500
0.544400, 0.034400, 0.421200
0.544200, 0.033200, 0.422600
0.542700, 0.034600, 0.422700
0.542700, 0.034900, 0.422400
0.542600, 0.034500, 0.422900
0.540900, 0.034600, 0.424500
0.539900, 0.036200, 0.423900
0.538600, 0.037500, 0.423900
0.537400, 0.038200, 0.424400
0.535300, 0.040600, 0.424100
0.532300, 0.042700, 0.425000
0.531600, 0.043100, 0.425300
0.531000, 0.043700, 0.425300
0.530000, 0.044200, 0.425800
0.528600, 0.044300, 0.427100
0.528900, 0.043100, 0.428000
0.529200, 0.042700, 0.428100
0.530700, 0.041500, 0.427800
0.530100, 0.041800, 0.428100
0.527600, 0.044700, 0.427700
0.527100, 0.045200, 0.427700
0.526600, 0.045500, 0.427900
0.524300, 0.046800, 0.428900
0.523400, 0.048300, 0.428300
0.519700, 0.051700, 0.428600
0.516700, 0.052500, 0.430800
0.513300, 0.054100, 0.432600
0.508600, 0.055600, 0.435800
0.505000, 0.055900, 0.439100
0.502800, 0.056400, 0.440800
0.499000, 0.057800, 0.443200
0.496700, 0.058700, 0.444600
0.494300, 0.058900, 0.446800
0.492000, 0.059900, 0.448100
0.487700, 0.060700, 0.451600
0.484300, 0.062700, 0.453000
0.479300, 0.066200, 0.454500
0.476600, 0.067700, 0.455700
0.473600, 0.068800, 0.457600
0.469100, 0.071800, 0.459100
0.464300, 0.074600, 0.461100
0.457800, 0.078100, 0.464100
0.452900, 0.080000, 0.467100
0.445200, 0.082900, 0.471900
0.440000, 0.082700, 0.477300
0.434400, 0.083700, 0.481900
0.430300, 0.086100, 0.483600
0.422500, 0.088800, 0.488700
0.419800, 0.087300, 0.492900
0.417100, 0.085200, 0.497700
0.413500, 0.086500, 0.500000
0.412100, 0.084400, 0.503500
0.409200, 0.083600, 0.507200
0.402700, 0.086000, 0.511300
0.398400, 0.086500, 0.515100
0.395700, 0.085000, 0.519300
0.392700, 0.084400, 0.522900
0.390000, 0.083300, 0.526700
0.386300, 0.084200, 0.529500
0.384700, 0.082500, 0.532800
0.382100, 0.082000, 0.535900
0.378900, 0.082200, 0.538900
0.375300, 0.083700, 0.541000
0.373300, 0.082000, 0.544700
0.372400, 0.081400, 0.546200
0.370600, 0.078800, 0.550600
0.368400, 0.077800, 0.553800
0.363800, 0.080200, 0.556000
0.358700, 0.081200, 0.560100
0.353400, 0.085400, 0.561200
0.347800, 0.087800, 0.564400
0.341500, 0.089400, 0.569100
0.337800, 0.090800, 0.571400
0.336800, 0.089300, 0.573900
0.334000, 0.089900, 0.576100
0.332400, 0.089600, 0.578000
0.332100, 0.086700, 0.581200
0.332200, 0.084800, 0.583000
0.329000, 0.085400, 0.585600
0.327400, 0.083900, 0.588700
0.324000, 0.084800, 0.591200
0.318400, 0.087400, 0.594200
0.315800, 0.086700, 0.597500
0.315700, 0.082900, 0.601400
0.313200, 0.082700, 0.604100
0.311400, 0.081500, 0.607100
0.310900, 0.080800, 0.608300
0.307900, 0.080400, 0.611700
0.306500, 0.079800, 0.613700
0.303800, 0.079300, 0.616900
0.301900, 0.080900, 0.617200
0.299500, 0.082000, 0.618500
0.296800, 0.080000, 0.623200
0.294000, 0.077800, 0.628200
0.292500, 0.077800, 0.629700
0.291200, 0.078500, 0.630300
0.290100, 0.078600, 0.631300
0.289100, 0.077500, 0.633400
0.287800, 0.078800, 0.633400
0.289800, 0.073800, 0.636400
0.291400, 0.071300, 0.637300
0.291800, 0.069700, 0.638500
0.293700, 0.067500, 0.638800
0.295400, 0.064300, 0.640300
0.298200, 0.061400, 0.640400
0.301400, 0.060300, 0.638300
0.303700, 0.058300, 0.638000
0.306300, 0.056100, 0.637600
0.310500, 0.054200, 0.635300
0.314900, 0.050800, 0.634300
0.317800, 0.048400, 0.633800
0.323000, 0.046000, 0.631000
0.327900, 0.043200, 0.628900
0.330000, 0.042700, 0.627300
0.334200, 0.039500, 0.626300
0.338200, 0.037500, 0.624300
0.343000, 0.035400, 0.621600
0.348900, 0.032600, 0.618500
0.353500, 0.030900, 0.615600
0.359700, 0.028900, 0.611400
0.364000, 0.028200, 0.607800
0.369000, 0.027300, 0.603700
0.373500, 0.025600, 0.600900
0.379100, 0.024300, 0.596600
0.384000, 0.023500, 0.592500
0.387200, 0.024000, 0.588800
0.393300, 0.023300, 0.583400
0.398800, 0.022000, 0.579200
0.402000, 0.021600, 0.576400
0.404900, 0.021400, 0.573700
0.410400, 0.020900, 0.568700
0.416300, 0.020400, 0.563300
0.420500, 0.019500, 0.560000
0.422700, 0.020100, 0.557200
0.426100, 0.020500, 0.553400
0.431000, 0.020200, 0.548800
0.434400, 0.019400, 0.546200
0.439500, 0.019700, 0.540800
0.442700, 0.019700, 0.537600
0.445900, 0.019600, 0.534500
0.449500, 0.018400, 0.532100
0.452700, 0.017800, 0.529500
0.456500, 0.017200, 0.526300
0.460200, 0.017400, 0.522400
0.463900, 0.016900, 0.519200
0.468700, 0.016300, 0.515000
0.472600, 0.016500, 0.510900
0.474800, 0.016700, 0.508500
0.478400, 0.017800, 0.503800
0.481900, 0.017400, 0.500700
0.482500, 0.019400, 0.498100
0.485800, 0.018900, 0.495300
0.489500, 0.018900, 0.491600
0.492700, 0.019900, 0.487400
0.496100, 0.020300, 0.483600
0.497800, 0.021600, 0.480600
0.500200, 0.022300, 0.477500
0.501800, 0.022800, 0.475400
0.504500, 0.022500, 0.473000
0.508000, 0.021800, 0.470200
0.511200, 0.020900, 0.467900
0.514000, 0.020500, 0.465500
0.515600, 0.020100, 0.464300
0.518500, 0.019600, 0.461900
0.522000, 0.017900, 0.460100
0.525700, 0.017700, 0.456600
0.528900, 0.017500, 0.453600
0.533100, 0.016900, 0.450000
0.536900, 0.017000, 0.446100
0.539500, 0.017700, 0.442800
0.541900, 0.018400, 0.439700
0.544300, 0.019100, 0.436600
0.545400, 0.020000, 0.434600
0.544600, 0.021200, 0.434200
0.546100, 0.022700, 0.431200
0.548900, 0.022700, 0.428400
0.549300, 0.025200, 0.425500
0.548300, 0.026900, 0.424800
0.549800, 0.026600, 0.423600
0.550300, 0.028700, 0.421000
0.550800, 0.029800, 0.419400
0.549000, 0.032500, 0.418500
0.548500, 0.034700, 0.416800
0.548200, 0.035000, 0.416800
0.546900, 0.036000, 0.417100
0.545100, 0.039400, 0.415500
0.544600, 0.040000, 0.415400
0.542000, 0.041900, 0.416100
0.541200, 0.043000, 0.415800
0.539000, 0.044300, 0.416700
0.538800, 0.045400, 0.415800
0.538500, 0.046300, 0.415200
0.536800, 0.047700, 0.415500
0.535800, 0.048300, 0.415900
0.532800, 0.050500, 0.416700
0.531200, 0.050100, 0.418700
0.528200, 0.052000, 0.419800
0.525500, 0.052200, 0.422300
0.522500, 0.053400, 0.424100
0.520500, 0.053900, 0.425600
0.518200, 0.056600, 0.425200
0.516800, 0.056700, 0.426500
0.513200, 0.057600, 0.429200
0.512500, 0.058500, 0.429000
0.508800, 0.060800, 0.430400
0.504800, 0.062800, 0.432400
0.502700, 0.063000, 0.434300
0.500400, 0.065000, 0.434600
0.500300, 0.063300, 0.436400
0.496800, 0.065100, 0.438100
0.493300, 0.065600, 0.441100
0.491600, 0.067200, 0.441200
0.486000, 0.068400, 0.445600
0.483400, 0.067400, 0.449200
0.481100, 0.067800, 0.451100
0.478300, 0.066700, 0.455000
0.475900, 0.066900, 0.457200
0.473400, 0.065300, 0.461300
0.473500, 0.063000, 0.463500
0.472600, 0.063100, 0.464300
0.471000, 0.063600, 0.465400
0.470000, 0.061700, 0.468300
0.468100, 0.061300, 0.470600
0.468000, 0.060300, 0.471700
0.467400, 0.059500, 0.473100
0.466100, 0.060800, 0.473100
0.464600, 0.060700, 0.474700
0.459300, 0.062900, 0.477800
0.456500, 0.063200, 0.480300
0.453300, 0.065200, 0.481500
0.449800, 0.065500, 0.484700
0.445500, 0.068200, 0.486300
0.442400, 0.067800, 0.489800
0.438300, 0.067800, 0.493900
0.435600, 0.067600, 0.496800
0.428800, 0.071400, 0.499800
0.424400, 0.073700, 0.501900
0.416500, 0.076400, 0.507100
0.410900, 0.078600, 0.510500
0.404200, 0.080900, 0.514900
0.399900, 0.082400, 0.517700
0.394900, 0.084200, 0.520900
0.388400, 0.086500, 0.525100
0.382100, 0.088300, 0.529600
0.376900, 0.089300, 0.533800
0.370200, 0.091600, 0.538200
0.363600, 0.093200, 0.543200
0.357700, 0.094200, 0.548100
0.352000, 0.094600, 0.553400
0.347000, 0.095100, 0.557900
0.343100, 0.095500, 0.561400
0.337400, 0.096500, 0.566100
0.333900, 0.098300, 0.567800
0.328700, 0.098000, 0.573300
0.324300, 0.099400, 0.576300
0.320200, 0.098300, 0.581500
0.316600, 0.096500, 0.586900
0.313200, 0.093500, 0.593300
0.310700, 0.091100, 0.598200
0.310300, 0.088300, 0.601400
0.308500, 0.086600, 0.604900
0.308500, 0.083300, 0.608200
0.307000, 0.081100, 0.611900
0.305200, 0.081000, 0.613800
0.305000, 0.080100, 0.614900
0.304700, 0.078400, 0.616900
0.303200, 0.078200, 0.618600
0.303000, 0.077800, 0.619200
0.300400, 0.077700, 0.621900
0.302000, 0.075000, 0.623000
0.301100, 0.074500, 0.624400
0.301300, 0.072100, 0.626600
0.303700, 0.069900, 0.626400
0.305100, 0.067400, 0.627500
0.306400, 0.065200, 0.628400
0.307300, 0.063600, 0.629100
0.309200, 0.060900, 0.629900
0.311800, 0.059700, 0.628500
0.315300, 0.056700, 0.628000
0.320200, 0.053700, 0.626100
0.322600, 0.051100, 0.626300
0.324400, 0.050200, 0.625400
0.327400, 0.048800, 0.623800
0.330900, 0.046800, 0.622300
0.332900, 0.046700, 0.620400
0.334500, 0.047300, 0.618200
0.336700, 0.045500, 0.617800
0.337500, 0.045400, 0.617100
0.339000, 0.046100, 0.614900
0.340100, 0.043800, 0.616100
0.340200, 0.044200, 0.615600
0.342100, 0.044000, 0.613900
0.343700, 0.043100, 0.613200
0.346300, 0.042500, 0.611200
0.348600, 0.042400, 0.609000
0.350400, 0.043100, 0.606500
0.354000, 0.040300, 0.605700
0.357700, 0.038900, 0.603400
0.361400, 0.036600, 0.602000
0.366600, 0.035800, 0.597600
0.371300, 0.035000, 0.593700
0.374000, 0.034700, 0.591300
0.378100, 0.033900, 0.588000
0.381100, 0.033600, 0.585300
0.382800, 0.034200, 0.583000
0.384200, 0.035300, 0.580500
0.385500, 0.034600, 0.579900
0.389500, 0.032800, 0.577700
0.395700, 0.030800, 0.573500
0.400000, 0.030100, 0.569900
0.404300, 0.029000, 0.566700
0.408900, 0.027000, 0.564100
0.412400, 0.026400, 0.561200
0.417800, 0.024800, 0.557400
0.422600, 0.024200, 0.553200
0.427700, 0.022300, 0.550000
0.431300, 0.021400, 0.547300
0.434700, 0.021100, 0.544200
0.438300, 0.020100, 0.541600
0.441500, 0.019800, 0.538700
0.446000, 0.019100, 0.534900
0.450000, 0.018400, 0.531600
0.451400, 0.018600, 0.530000
0.455400, 0.018900, 0.525700
0.460000, 0.018700, 0.521300
0.464100, 0.018900, 0.517000
0.466800, 0.018900, 0.514300
0.469500, 0.018100, 0.512400
0.474200, 0.017800, 0.508000
0.478300, 0.017500, 0.504200
0.481100, 0.016800, 0.502100
0.485300, 0.015700, 0.499000
0.488900, 0.015100, 0.496000
0.492900, 0.014500, 0.492600
0.496200, 0.014200, 0.489600
0.500700, 0.014100, 0.485200
0.505800, 0.013500, 0.480700
0.510700, 0.013200, 0.476100
0.514900, 0.012200, 0.472900
0.518400, 0.012100, 0.469500
0.522000, 0.013000, 0.465000
0.524000, 0.013700, 0.462300
0.528100, 0.013300, 0.458600
0.530500, 0.014200, 0.455300
0.533800, 0.014100, 0.452100
0.536300, 0.014700, 0.449000
0.538800, 0.015500, 0.445700
0.541400, 0.017000, 0.441600
0.543600, 0.018300, 0.438100
0.542700, 0.018500, 0.438800
0.543700, 0.019400, 0.436900
0.545300, 0.020900, 0.433800
0.544600, 0.022400, 0.433000
0.546200, 0.022100, 0.431700
0.547500, 0.023300, 0.429200
0.548600, 0.023700, 0.427700
0.550200, 0.023400, 0.426400
0.550300, 0.024400, 0.425300
0.552600, 0.023500, 0.423900
0.554900, 0.022800, 0.422300
0.556500, 0.022300, 0.421200
0.559100, 0.022200, 0.418700
0.559800, 0.023400, 0.416800
0.562000, 0.023700, 0.414300
0.563000, 0.024500, 0.412500
0.564600, 0.025400, 0.410000
0.565200, 0.026900, 0.407900
0.564900, 0.028300, 0.406800
0.564900, 0.028900, 0.406200
0.563600, 0.031000, 0.405400
0.561500, 0.032600, 0.405900
0.562000, 0.033100, 0.404900
0.561700, 0.033500, 0.404800
0.562500, 0.034100, 0.403400
0.560400, 0.036200, 0.403400
0.560700, 0.037700, 0.401600
0.559900, 0.039900, 0.400200
0.557700, 0.041800, 0.400500
0.556000, 0.042100, 0.401900
0.555600, 0.041700, 0.402700
0.556000, 0.041800, 0.402200
0.553700, 0.041200, 0.405100
0.553200, 0.040900, 0.405900
0.553400, 0.041300, 0.405300
0.554000, 0.041600, 0.404400
0.553900, 0.041800, 0.404300
0.552700, 0.043200, 0.404100
0.552800, 0.044300, 0.402900
0.549700, 0.046200, 0.404100
0.546400, 0.050400, 0.403200
0.544500, 0.050800, 0.404700
0.543000, 0.050800, 0.406200
0.539900, 0.052500, 0.407600
0.537800, 0.053700, 0.408500
0.534100, 0.055600, 0.410300
0.531700, 0.055800, 0.412500
0.530200, 0.056300, 0.413500
0.526200, 0.058900, 0.414900
0.526200, 0.059400, 0.414400
0.522700, 0.060100, 0.417200
0.519900, 0.059700, 0.420400
0.517300, 0.059100, 0.423600
0.515100, 0.061200, 0.423700
0.510700, 0.063500, 0.425800
0.507000, 0.064800, 0.428200
0.503400, 0.065100, 0.431500
0.499800, 0.068600, 0.431600
0.492300, 0.072000, 0.435700
0.485800, 0.076000, 0.438200
0.478700, 0.080000, 0.441300
0.471000, 0.083700, 0.445300
0.463000, 0.087700, 0.449300
0.457000, 0.088800, 0.454200
0.451100, 0.089600, 0.459300
0.445400, 0.090900, 0.463700
0.437200, 0.093700, 0.469100
0.429200, 0.096200, 0.474600
0.422100, 0.099900, 0.478000
0.413100, 0.102900, 0.484000
0.404300, 0.106600, 0.489100
0.396100, 0.106800, 0.497100
0.387700, 0.108900, 0.503400
0.382200, 0.108700, 0.509100
0.376100, 0.109500, 0.514400
0.366900, 0.112500, 0.520600
0.360700, 0.110700, 0.528600
0.351800, 0.115400, 0.532800
0.345500, 0.114500, 0.540000
0.339500, 0.114800, 0.545700
0.333700, 0.113800, 0.552500
0.328100, 0.113300, 0.558600
0.325100, 0.110000, 0.564900
0.324700, 0.107200, 0.568100
0.321000, 0.103900, 0.575100
0.319500, 0.101500, 0.579000
0.313000, 0.102900, 0.584100
0.311400, 0.101200, 0.587400
0.307800, 0.101300, 0.590900
0.303800, 0.102200, 0.594000
0.297600, 0.105500, 0.596900
0.292100, 0.104800, 0.603100
0.290000, 0.100600, 0.609400
0.286400, 0.097300, 0.616300
0.284700, 0.095500, 0.619800
0.282100, 0.094600, 0.623300
0.276900, 0.096300, 0.626800
0.273600, 0.095700, 0.630700
0.271900, 0.093300, 0.634800
0.270900, 0.089900, 0.639200
0.268800, 0.088900, 0.642300
0.267000, 0.088400, 0.644600
0.265700, 0.085200, 0.649100
0.262800, 0.085000, 0.652200
0.261100, 0.083600, 0.655300
0.261300, 0.084700, 0.654000
0.260800, 0.082000, 0.657200
0.260900, 0.079200, 0.659900
0.261800, 0.077000, 0.661200
0.262500, 0.075500, 0.662000
0.263700, 0.073500, 0.662800
0.264000, 0.071700, 0.664300
0.265600, 0.071500, 0.662900
0.266900, 0.069700, 0.663400
0.268500, 0.068600, 0.662900
0.269200, 0.068500, 0.662300
0.269600, 0.066900, 0.663500
0.269800, 0.066900, 0.663300
0.272800, 0.064500, 0.662700
0.272800, 0.063900, 0.663300
0.275400, 0.062100, 0.662500
0.279900, 0.058700, 0.661400
0.281800, 0.057200, 0.661000
0.284300, 0.055900, 0.659800
0.288600, 0.053700, 0.657700
0.290200, 0.052500, 0.657300
0.294700, 0.050700, 0.654600
0.297300, 0.049600, 0.653100
0.302000, 0.047100, 0.650900
0.307200, 0.045600, 0.647200
0.311300, 0.043500, 0.645200
0.316200, 0.040000, 0.643800
0.319900, 0.038200, 0.641900
0.324100, 0.037000, 0.638900
0.325600, 0.035300, 0.639100
0.330700, 0.033500, 0.635800
0.335300, 0.031200, 0.633500
0.338700, 0.030500, 0.630800
0.344200, 0.028800, 0.627000
0.349700, 0.028000, 0.622300
0.355900, 0.026400, 0.617700
0.361000, 0.024500, 0.614500
0.365500, 0.023400, 0.611100
0.372200, 0.022100, 0.605700
0.376600, 0.020400, 0.603000
0.382000, 0.019700, 0.598300
0.387100, 0.018100, 0.594800
0.390300, 0.017700, 0.592000
0.394700, 0.018000, 0.587300
0.397400, 0.017900, 0.584700
0.402000, 0.017600, 0.580400
0.406800, 0.017100, 0.576100
0.410800, 0.016900, 0.572300
0.413900, 0.016900, 0.569200
0.417500, 0.016000, 0.566500
0.420500, 0.015400, 0.564100
0.425000, 0.015300, 0.559700
0.429500, 0.015000, 0.555500
0.433700, 0.013800, 0.552500
0.438200, 0.013300, 0.548500
0.444100, 0.012500, 0.543400
0.449900, 0.011900, 0.538200
0.456100, 0.011800, 0.532100
0.461400, 0.011600, 0.527000
0.466200, 0.011500, 0.522300
0.469700, 0.012100, 0.518200
0.472500, 0.012100, 0.515400
0.475500, 0.012300, 0.512200
0.479000, 0.012200, 0.508800
0.482600, 0.012100, 0.505300
0.487300, 0.012200, 0.500500
0.492600, 0.012200, 0.495200
0.496700, 0.012300, 0.491000
0.500000, 0.011800, 0.488200
0.504700, 0.011600, 0.483700
0.508400, 0.011700, 0.479900
0.512300, 0.011400, 0.476300
0.515000, 0.012400, 0.472600
0.517400, 0.013200, 0.469400
0.520100, 0.013500, 0.466400
0.524300, 0.013000, 0.462700
0.528200, 0.012000, 0.459800
0.531900, 0.012500, 0.455600
0.535700, 0.012600, 0.451700
0.538500, 0.012200, 0.449300
0.541100, 0.013000, 0.445900
0.545400, 0.012100, 0.442500
0.547300, 0.012600, 0.440100
0.548900, 0.013000, 0.438100
0.551200, 0.013600, 0.435200
0.552400, 0.014600, 0.433000
0.553800, 0.015000, 0.431200
0.554600, 0.015200, 0.430200
0.558800, 0.015200, 0.426000
0.561500, 0.015500, 0.423000
0.564300, 0.015000, 0.420700
0.566000, 0.016000, 0.418000
0.567800, 0.016700, 0.415500
0.570100, 0.016900, 0.413000
0.572500, 0.016500, 0.411000
0.573800, 0.016900, 0.409300
0.574700, 0.017100, 0.408200
0.575400, 0.017800, 0.406800
0.577200, 0.017600, 0.405200
0.578100, 0.019700, 0.402200
0.577800, 0.021400, 0.400800
0.578500, 0.021900, 0.399600
0.579100, 0.022500, 0.398400
0.577600, 0.025300, 0.397100
0.576700, 0.027200, 0.396100
0.576200, 0.028100, 0.395700
0.575800, 0.029400, 0.394800
0.575500, 0.029500, 0.395000
0.575700, 0.030700, 0.393600
0.574800, 0.029800, 0.395400
0.574900, 0.030600, 0.394500
0.573900, 0.031300, 0.394800
0.573100, 0.032300, 0.394600
0.573600, 0.033800, 0.392600
0.574400, 0.033900, 0.391700
0.575100, 0.033800, 0.391100
0.575300, 0.034200, 0.390500
0.574600, 0.035400, 0.390000
0.573700, 0.035200, 0.391100
0.573400, 0.036200, 0.390400
0.574500, 0.035900, 0.389600
0.575400, 0.035200, 0.389400
0.575500, 0.036500, 0.388000
0.575300, 0.036600, 0.388100
0.574400, 0.038200, 0.387400
0.572400, 0.040500, 0.387100
0.570100, 0.041900, 0.388000
0.568800, 0.043600, 0.387600
0.567400, 0.044900, 0.387700
0.566000, 0.046300, 0.387700
0.564400, 0.046800, 0.388800
0.562900, 0.047000, 0.390100
0.559600, 0.049500, 0.390900
0.557800, 0.050300, 0.391900
0.554800, 0.051000, 0.394200
0.552200, 0.053500, 0.394300
0.549400, 0.054700, 0.395900
0.546600, 0.056000, 0.397400
0.541800, 0.059100, 0.399100
0.536800, 0.062000, 0.401200
0.531400, 0.063500, 0.405100
0.527300, 0.065600, 0.407100
0.521200, 0.070000, 0.408800
0.512600, 0.074400, 0.413000
0.504300, 0.078800, 0.416900
0.497200, 0.082200, 0.420600
0.492000, 0.083300, 0.424700
0.485300, 0.084800, 0.429900
0.477100, 0.087500, 0.435400
0.468200, 0.091800, 0.440000
0.460100, 0.092500, 0.447400
0.454500, 0.095700, 0.449800
0.445800, 0.100200, 0.454000
0.437400, 0.103600, 0.459000
0.428500, 0.107900, 0.463600
0.416700, 0.111400, 0.471900
0.407000, 0.113500, 0.479500
0.396800, 0.117700, 0.485500
0.389800, 0.118100, 0.492100
0.381300, 0.119800, 0.498900
0.371200, 0.121900, 0.506900
0.367500, 0.122300, 0.510200
0.359200, 0.123700, 0.517100
0.351800, 0.123700, 0.524500
0.344800, 0.121700, 0.533500
0.338200, 0.120600, 0.541200
0.329400, 0.120100, 0.550500
0.319800, 0.121800, 0.558400
0.312600, 0.123500, 0.563900
0.299700, 0.128100, 0.572200
0.289800, 0.129700, 0.580500
0.279600, 0.134600, 0.585800
0.268900, 0.136700, 0.594400
0.259500, 0.139400, 0.601100
0.250600, 0.140000, 0.609400
0.239900, 0.142200, 0.617900
0.232000, 0.141500, 0.626500
0.226400, 0.138700, 0.634900
0.221000, 0.137300, 0.641700
0.219800, 0.132300, 0.647900
0.219800, 0.128400, 0.651800
0.219600, 0.122800, 0.657600
0.220900, 0.117400, 0.661700
0.220300, 0.115700, 0.664000
0.219600, 0.112700, 0.667700
0.220200, 0.108000, 0.671800
0.220700, 0.104100, 0.675200
0.220500, 0.099900, 0.679600
0.222800, 0.095700, 0.681500
0.224800, 0.090700, 0.684500
0.226400, 0.087800, 0.685800
0.228700, 0.084500, 0.686800
0.231800, 0.080300, 0.687900
0.237000, 0.073200, 0.689800
0.237700, 0.070400, 0.691900
0.242300, 0.066800, 0.690900
0.248600, 0.062700, 0.688700
0.251400, 0.059000, 0.689600
0.255800, 0.056900, 0.687300
0.257900, 0.054700, 0.687400
0.262700, 0.053200, 0.684100
0.266800, 0.051400, 0.681800
0.271100, 0.049500, 0.679400
0.275300, 0.047400, 0.677300
0.280900, 0.045200, 0.673900
0.284500, 0.043600, 0.671900
0.286800, 0.043800, 0.669400
0.291100, 0.042600, 0.666300
0.295600, 0.040300, 0.664100
0.299900, 0.037800, 0.662300
0.303800, 0.036800, 0.659400
0.308000, 0.037100, 0.654900
0.311100, 0.036400, 0.652500
0.314000, 0.035300, 0.650700
0.317400, 0.034900, 0.647700
0.321200, 0.035400, 0.643400
0.324700, 0.034900, 0.640400
0.329400, 0.033800, 0.636800
0.332400, 0.033800, 0.633800
0.336500, 0.031800, 0.631700
0.341000, 0.030000, 0.629000
0.344800, 0.029400, 0.625800
0.349100, 0.030000, 0.620900
0.353000, 0.028200, 0.618800
0.357700, 0.028200, 0.614100
0.360300, 0.028100, 0.611600
0.363000, 0.028800, 0.608200
0.366600, 0.028500, 0.604900
0.368700, 0.028300, 0.603000
0.372300, 0.028600, 0.599100
0.377300, 0.027900, 0.594800
0.379700, 0.027600, 0.592700
0.381300, 0.027100, 0.591600
0.385100, 0.026700, 0.588200
0.389400, 0.026200, 0.584400
0.393900, 0.026100, 0.580000
0.397900, 0.024600, 0.577500
0.400400, 0.023300, 0.576300
0.403100, 0.025000, 0.571900
0.407700, 0.024600, 0.567700
0.411400, 0.023800, 0.564800
0.416500, 0.022400, 0.561100
0.420300, 0.021700, 0.558000
0.422500, 0.021100, 0.556400
0.428000, 0.019600, 0.552400
0.432000, 0.018700, 0.549300
0.436400, 0.019100, 0.544500
0.440500, 0.018700, 0.540800
0.443500, 0.018100, 0.538400
0.446600, 0.018400, 0.535000
0.448700, 0.019100, 0.532200
0.452000, 0.019700, 0.528300
0.455200, 0.019500, 0.525300
0.456200, 0.020700, 0.523100
0.458100, 0.021700, 0.520200
0.459000, 0.023100, 0.517900
0.462500, 0.023100, 0.514400
0.465400, 0.021800, 0.512800
0.468600, 0.020800, 0.510600
0.470500, 0.021100, 0.508400
0.473300, 0.021000, 0.505700
0.476700, 0.021000, 0.502300
0.479300, 0.021900, 0.498800
0.483200, 0.022300, 0.494500
0.486400, 0.022600, 0.491000
0.487900, 0.023300, 0.488800
0.491400, 0.022900, 0.485700
0.494900, 0.022600, 0.482500
0.497800, 0.022100, 0.480100
0.501100, 0.021700, 0.477200
0.502800, 0.021600, 0.475600
0.506300, 0.020900, 0.472800
0.509000, 0.020100, 0.470900
0.512500, 0.019600, 0.467900
0.514400, 0.018800, 0.466800
0.516100, 0.018500, 0.465400
0.519500, 0.018200, 0.462300
0.521900, 0.018400, 0.459700
0.526100, 0.017900, 0.456000
0.529900, 0.017200, 0.452900
0.532700, 0.017500, 0.449800
0.536000, 0.016400, 0.447600
0.538700, 0.016300, 0.445000
0.540900, 0.016400, 0.442700
0.542600, 0.016000, 0.441400
0.545600, 0.015500, 0.438900
0.550000, 0.014200, 0.435800
0.552000, 0.014300, 0.433700
0.556100, 0.013200, 0.430700
0.560500, 0.011700, 0.427800
0.563100, 0.011300, 0.425600
0.566000, 0.012100, 0.421900
0.567900, 0.012100, 0.420000
0.569900, 0.012300, 0.417800
0.573600, 0.011000, 0.415400
0.576900, 0.010800, 0.412300
0.579700, 0.011100, 0.409200
0.582200, 0.011100, 0.406700
0.584700, 0.011100, 0.404200
0.588400, 0.011600, 0.400000
0.590700, 0.011600, 0.397700
0.594600, 0.010900, 0.394500
0.596500, 0.010700, 0.392800
0.597800, 0.011500, 0.390700
0.600100, 0.011400, 0.388500
0.603100, 0.011000, 0.385900
0.604700, 0.011300, 0.384000
0.607900, 0.010400, 0.381700
0.611000, 0.010600, 0.378400
0.613900, 0.010400, 0.375700
0.616900, 0.009900, 0.373200
0.620000, 0.010100, 0.369900
0.621600, 0.010800, 0.367600
0.624800, 0.011300, 0.363900
0.626300, 0.011700, 0.362000
0.625700, 0.014200, 0.360100
0.627600, 0.014300, 0.358100
0.630900, 0.014900, 0.354200
0.633200, 0.014700, 0.352100
0.635700, 0.014700, 0.349600
0.637100, 0.014500, 0.348400
0.639000, 0.014200, 0.346800
0.640200, 0.015000, 0.344800
0.642100, 0.015200, 0.342700
0.641900, 0.015800, 0.342300
0.642300, 0.016600, 0.341100
0.644000, 0.017300, 0.338700
0.646000, 0.017000, 0.337000
0.647900, 0.016800, 0.335300
0.648300, 0.017800, 0.333900
0.647500, 0.019900, 0.332600
0.648100, 0.020600, 0.331300
0.647200, 0.020800, 0.332000
0.646300, 0.021700, 0.332000
0.646900, 0.022300, 0.330800
0.644700, 0.025300, 0.330000
0.644200, 0.026100, 0.329700
0.643700, 0.026600, 0.329700
0.643200, 0.026100, 0.330700
0.642700, 0.027400, 0.329900
0.642800, 0.027700, 0.329500
0.642500, 0.028300, 0.329200
0.641200, 0.029200, 0.329600
0.639800, 0.030000, 0.330200
0.636800, 0.032700, 0.330500
0.632800, 0.035600, 0.331600
0.628200, 0.040100, 0.331700
0.623300, 0.043200, 0.333500
0.617000, 0.049000, 0.334000
0.608600, 0.053600, 0.337800
0.600500, 0.058200, 0.341300
0.594700, 0.061000, 0.344300
0.586600, 0.067000, 0.346400
0.576700, 0.072000, 0.351300
0.568400, 0.076200, 0.355400
0.559900, 0.080600, 0.359500
0.552900, 0.084800, 0.362300
0.543800, 0.089300, 0.366900
0.536700, 0.088400, 0.374900
0.528100, 0.092600, 0.379300
0.519100, 0.096000, 0.384900
0.508200, 0.100000, 0.391800
0.494500, 0.105100, 0.400400
0.484200, 0.109500, 0.406300
0.473100, 0.109800, 0.417100
0.464100, 0.111100, 0.424800
0.454100, 0.113900, 0.432000
0.441900, 0.117200, 0.440900
0.432700, 0.118800, 0.448500
0.421800, 0.123300, 0.454900
0.405900, 0.130900, 0.463200
0.389500, 0.139500, 0.471000
0.375000, 0.144900, 0.480100
0.360200, 0.148700, 0.491100
0.341900, 0.155200, 0.502900
0.325700, 0.160200, 0.514100
0.308800, 0.164400, 0.526800
0.290100, 0.170400, 0.539500
0.272600, 0.175500, 0.551900
0.262100, 0.173700, 0.564200
0.251400, 0.173100, 0.575500
0.241900, 0.172900, 0.585200
0.233400, 0.169400, 0.597200
0.223900, 0.166800, 0.609300
0.215200, 0.165200, 0.619600
0.208300, 0.160400, 0.631300
0.197400, 0.159700, 0.642900
0.192500, 0.154900, 0.652600
0.187400, 0.149100, 0.663500
0.183100, 0.144700, 0.672200
0.181100, 0.139200, 0.679700
0.178900, 0.133600, 0.687500
0.178900, 0.130400, 0.690700
0.178300, 0.124700, 0.697000
0.176000, 0.122000, 0.702000
0.176600, 0.118100, 0.705300
0.177200, 0.112100, 0.710700
0.177800, 0.107400, 0.714800
0.180000, 0.100600, 0.719400
0.181000, 0.095500, 0.723500
0.182600, 0.091100, 0.726300
0.185800, 0.087400, 0.726800
0.188600, 0.082900, 0.728500
0.191600, 0.078800, 0.729600
0.195900, 0.073500, 0.730600
0.199500, 0.070500, 0.730000
0.203600, 0.067200, 0.729200
0.206700, 0.062900, 0.730400
0.210300, 0.060600, 0.729100
0.215700, 0.058100, 0.726200
0.219300, 0.055900, 0.724800
0.222900, 0.054200, 0.722900
0.228400, 0.050900, 0.720700
0.233300, 0.048100, 0.718600
0.238000, 0.046400, 0.715600
0.242400, 0.045800, 0.711800
0.246600, 0.044700, 0.708700
0.251200, 0.042000, 0.706800
0.257000, 0.040300, 0.702700
0.262400, 0.037600, 0.700000
0.267100, 0.036900, 0.696000
0.271800, 0.034900, 0.693300
0.278900, 0.031700, 0.689400
0.285800, 0.029800, 0.684400
0.289300, 0.029700, 0.681000
0.295400, 0.027500, 0.677100
0.300500, 0.025600, 0.673900
0.307100, 0.024200, 0.668700
0.312700, 0.022300, 0.665000
0.318500, 0.021400, 0.660100
0.324400, 0.021100, 0.654500
0.329900, 0.021100, 0.649000
0.336000, 0.020000, 0.644000
0.341600, 0.018100, 0.640300
0.346700, 0.018000, 0.635300
0.352100, 0.018300, 0.629600
0.355900, 0.017600, 0.626500
0.360100, 0.017800, 0.622100
0.366300, 0.016400, 0.617300
0.370500, 0.015900, 0.613600
0.374500, 0.014800, 0.610700
0.379500, 0.014100, 0.606400
0.385700, 0.014100, 0.600200
0.390900, 0.013600, 0.595500
0.395800, 0.012600, 0.591600
0.399600, 0.012600, 0.587800
0.404200, 0.013400, 0.582400
0.409500, 0.012700, 0.577800
0.414400, 0.012200, 0.573400
0.419600, 0.012600, 0.567800
0.423900, 0.013300, 0.562800
0.427400, 0.014000, 0.558600
0.430300, 0.013900, 0.555800
0.435100, 0.013700, 0.551200
0.438900, 0.013800, 0.547300
0.442600, 0.013000, 0.544400
0.447200, 0.012300, 0.540500
0.452100, 0.012200, 0.535700
0.455800, 0.011800, 0.532400
0.460700, 0.012500, 0.526800
0.464700, 0.013200, 0.522100
0.467700, 0.013000, 0.519300
0.471800, 0.012000, 0.516200
0.474100, 0.012400, 0.513500
0.477200, 0.012100, 0.510700
0.480300, 0.012300, 0.507400
0.485300, 0.011400, 0.503300
0.489800, 0.011100, 0.499100
0.494000, 0.010500, 0.495500
0.497800, 0.009900, 0.492300
0.501100, 0.009100, 0.489800
0.504100, 0.008400, 0.487500
0.508100, 0.007800, 0.484100
0.512100, 0.007900, 0.480000
0.517200, 0.007300, 0.475500
0.523100, 0.007400, 0.469500
0.526600, 0.007300, 0.466100
0.528400, 0.007700, 0.463900
0.531600, 0.008000, 0.460400
0.535400, 0.007700, 0.456900
0.538100, 0.008100, 0.453800
0.541400, 0.008500, 0.450100
0.546700, 0.008500, 0.444800
0.549900, 0.009200, 0.440900
0.552400, 0.009300, 0.438300
0.553600, 0.010400, 0.436000
0.555300, 0.011500, 0.433200
0.558700, 0.011700, 0.429600
0.560400, 0.012800, 0.426800
0.560800, 0.013600, 0.425600
0.562100, 0.015500, 0.422400
0.563300, 0.016400, 0.420300
0.565700, 0.016700, 0.417600
0.568300, 0.017000, 0.414700
0.572200, 0.016600, 0.411200
0.572700, 0.017400, 0.409900
0.573600, 0.018500, 0.407900
0.575100, 0.018700, 0.406200
0.576900, 0.019300, 0.403800
0.579700, 0.019600, 0.400700
0.581200, 0.019900, 0.398900
0.583000, 0.020900, 0.396100
0.584700, 0.020900, 0.394400
0.586700, 0.020500, 0.392800
0.588600, 0.021200, 0.390200
0.589800, 0.021700, 0.388500
0.589700, 0.022900, 0.387400
0.589600, 0.023500, 0.386900
0.590300, 0.025100, 0.384600
0.590600, 0.024700, 0.384700
0.590700, 0.025800, 0.383500
0.589800, 0.026900, 0.383300
0.590400, 0.028400, 0.381200
0.591600, 0.028100, 0.380300
0.591400, 0.029100, 0.379500
0.592100, 0.030700, 0.377200
0.592800, 0.030900, 0.376300
0.591800, 0.030900, 0.377300
0.590900, 0.032000, 0.377100
0.592500, 0.031300, 0.376200
0.591400, 0.032700, 0.375900
0.590400, 0.033200, 0.376400
0.590700, 0.033300, 0.376000
0.589900, 0.034600, 0.375500
0.588000, 0.034500, 0.377500
0.587200, 0.034900, 0.377900
0.587600, 0.033600, 0.378800
0.587600, 0.033800, 0.378600
0.585700, 0.035700, 0.378600
0.585400, 0.035900, 0.378700
0.584800, 0.036500, 0.378700
0.583800, 0.036200, 0.380000
0.583700, 0.037600, 0.378700
0.581800, 0.038800, 0.379400
0.580500, 0.039600, 0.379900
0.579200, 0.042300, 0.378500
0.576800, 0.043200, 0.380000
0.573100, 0.045300, 0.381600
0.570700, 0.047100, 0.382200
0.568400, 0.049700, 0.381900
0.562300, 0.053500, 0.384200
0.559100, 0.054900, 0.386000
0.555500, 0.056800, 0.387700
0.551300, 0.059500, 0.389200
0.546400, 0.061500, 0.392100
0.542000, 0.061200, 0.396800
0.539800, 0.062000, 0.398200
0.538200, 0.061200, 0.400600
0.537700, 0.059900, 0.402400
0.535200, 0.059100, 0.405700
0.532000, 0.059100, 0.408900
0.530100, 0.058200, 0.411700
0.528000, 0.058900, 0.413100
0.526600, 0.060600, 0.412800
0.522100, 0.062300, 0.415600
0.515700, 0.067100, 0.417200
0.513200, 0.068200, 0.418600
0.507800, 0.070200, 0.422000
0.499900, 0.074300, 0.425800
0.490300, 0.079900, 0.429800
0.481300, 0.085500, 0.433200
0.467500, 0.094600, 0.437900
0.456100, 0.098000, 0.445900
0.449000, 0.098600, 0.452400
0.440000, 0.102800, 0.457200
0.429100, 0.106000, 0.464900
0.419700, 0.108700, 0.471600
0.414000, 0.106600, 0.479400
0.407000, 0.105900, 0.487100
0.399700, 0.108400, 0.491900
0.393300, 0.108000, 0.498700
0.386900, 0.108400, 0.504700
0.380100, 0.108200, 0.511700
0.371000, 0.109200, 0.519800
0.365200, 0.113000, 0.521800
0.361200, 0.110000, 0.528800
0.355200, 0.108600, 0.536200
0.350600, 0.109100, 0.540300
0.348900, 0.105900, 0.545200
0.345700, 0.104800, 0.549500
0.339200, 0.106400, 0.554400
0.335900, 0.105600, 0.558500
0.330300, 0.107700, 0.562000
0.325000, 0.104800, 0.570200
0.321500, 0.103200, 0.575300
0.317600, 0.102100, 0.580300
0.314400, 0.099800, 0.585800
0.312500, 0.096900, 0.590600
0.306400, 0.098400, 0.595200
0.303000, 0.098100, 0.598900
0.299500, 0.095100, 0.605400
0.296800, 0.096000, 0.607200
0.294900, 0.094700, 0.610400
